39.60823440551758
51.41242027282715
40.18650245666504
52.006167602539065
50.8234130859375
51.6545711517334
52.69809989929199
45.31455993652344
53.82250785827637
52.55721778869629
47.435537338256836
53.15703430175781
43.91843490600586
53.74730949401855
48.21170425415039
53.38753776550293
59.935896682739255
57.26497573852539
48.51127662658691
179.17851028442382
481.3394691467285
251.216455078125
522.1875164031983
784.6561325073242
802.2641048431396
738.5462017059326
713.8766246795655
838.9053489685059
575.0292285919189
801.3987339019775