-6.37418270111084
-6.359460830688477
-6.370694160461426
-6.3562703132629395
-6.34889554977417
-6.326595783233643
-6.325401782989502
-6.304283618927002
-6.305376052856445
-6.299650192260742
-6.284492015838623
-6.270120620727539
-6.262929439544678
-6.2566375732421875
-6.249040126800537
-6.243315696716309
-6.235280513763428
-6.219841480255127
-6.216267108917236
-6.207803249359131
-6.202829360961914
-6.1889967918396
-6.169771671295166
-6.173771381378174
-6.165351390838623
-6.150645732879639
-6.147403717041016
-6.145139217376709
-6.125849723815918
-6.124594688415527
-6.102046966552734
-6.10836124420166
-6.0940093994140625
-6.099095344543457
-6.06932258605957
-6.07574462890625
-6.059160232543945
-6.06218147277832
-6.055131435394287
-6.045984745025635
-6.035871982574463
-6.036386013031006
-6.015168190002441
-6.02063512802124
-6.018161773681641
-6.002938747406006
-5.995440483093262
-5.9813432693481445
-5.97697639465332
-5.975876331329346
-27.899215698242188
-29.394548416137695
-29.322776794433594
-29.428552627563477
-29.343408584594727
-29.500120162963867
-29.478557586669922
-29.496503829956055
-29.463869094848633
-29.42997169494629
-29.4620361328125
-29.369050979614258
-29.401409149169922
-29.408720016479492
-29.35976791381836
-29.440353393554688
-29.45050811767578
-29.40747833251953
-29.39455795288086
-29.462051391601562
-29.38980484008789
-29.32262420654297
-29.356868743896484
-29.31279754638672
-29.35367202758789
-29.323158264160156
-29.244421005249023
-29.30552864074707
-29.184040069580078
-29.20718765258789
-29.33095932006836
-29.227563858032227
-29.232969284057617
-29.335590362548828
-29.3178653717041
-29.283039093017578
-29.327260971069336
-29.289180755615234
-29.213150024414062
-29.248567581176758
-29.232707977294922
-29.207077026367188
-29.157400131225586
-29.209436416625977
-29.25273323059082
-29.163820266723633
-29.146013259887695
-29.137916564941406
-29.068147659301758
-29.186521530151367
-29.12405014038086
-29.06075096130371
-29.14679718017578
-29.109371185302734
-29.152786254882812
-29.050201416015625
-29.06226348876953
-29.086931228637695
-29.0848445892334
-29.093055725097656
-29.079505920410156
-29.054588317871094
-28.984216690063477
-28.931901931762695
-28.996414184570312
-28.9611873626709
-28.883163452148438
-28.882781982421875
-28.895225524902344
-28.974346160888672
-28.850801467895508
-28.777971267700195
-28.900875091552734
-28.8956298828125
-28.9368953704834
-28.869443893432617
-28.878276824951172
-28.830400466918945
-28.75495147705078
-28.8701171875
-28.77733039855957
-28.844486236572266
-28.86910057067871
-28.803926467895508
-28.72510528564453
-28.85769271850586
-28.74854850769043
-28.891443252563477
-28.81260871887207
-28.800735473632812
-28.73528480529785
-28.828943252563477
-28.80740737915039
-28.729135513305664
-28.956363677978516
-28.834468841552734
-28.796480178833008
-28.80132293701172
-28.91403579711914
-28.866838455200195
-28.90996742248535
-28.933259963989258
-28.8975887298584
-28.88541030883789
-28.85614776611328
-28.870521545410156
-28.94430160522461
-28.82124137878418
-28.931291580200195
-28.83275032043457
-28.9190731048584
-28.839088439941406
-28.855077743530273
-28.946773529052734
-28.91227149963379
-28.853429794311523
-28.895170211791992
-28.802770614624023
-28.869441986083984
-28.842222213745117
-28.805889129638672
-28.84613037109375
-28.85316276550293
-28.821346282958984
-28.805618286132812
-28.824893951416016
-28.847518920898438
-28.734622955322266
-28.76326560974121
-28.788610458374023
-28.772144317626953
-28.773630142211914
-28.766738891601562
-28.73451805114746
-28.680240631103516
-28.755876541137695
-28.653860092163086
-28.76432991027832
-28.741003036499023
-28.711946487426758
-28.670589447021484
-28.737443923950195
-28.698055267333984
-28.69589614868164
-28.55878257751465
-28.57083511352539
-28.584056854248047
-28.605165481567383
-28.524337768554688
-28.53707504272461
-28.533998489379883
-28.49567222595215
-28.511266708374023
-28.502552032470703
-28.479921340942383
-28.442211151123047
-28.46927261352539
-28.494266510009766
-28.45915412902832
-28.387380599975586
-28.413122177124023
-28.439245223999023
-28.397897720336914
-28.305805206298828
-28.332443237304688
-28.25901222229004
-28.247957229614258
-28.23362159729004
-28.166921615600586
-28.17930030822754
-28.24932289123535
-28.1627197265625
-28.105440139770508
-28.140670776367188
-28.14759635925293
-28.057281494140625
-28.0955753326416
-28.06611442565918
-27.962411880493164
-27.972415924072266
-27.996667861938477
-27.988698959350586
-27.983579635620117
-27.957340240478516
-27.918418884277344
-27.956750869750977
-27.960586547851562
-27.87728500366211
-27.869552612304688
-27.915828704833984
-27.863954544067383
-27.893505096435547
-27.828763961791992
-27.90635871887207
-27.850496292114258
-27.79631996154785
-27.814319610595703
-27.839445114135742
-27.785736083984375
-27.856243133544922
-27.86432456970215
-27.79288673400879
-27.809581756591797
-27.829235076904297
-27.857898712158203
-27.836589813232422
-27.807106018066406
-27.73823356628418
-27.754636764526367
-27.79087257385254
-27.8967227935791
-27.829599380493164
-27.822463989257812
-27.864206314086914
-27.746858596801758
-27.76706886291504
-27.82573127746582
-27.81806182861328
-27.859813690185547
-27.80175018310547
-27.797697067260742
-27.89786720275879
-27.71691131591797
-27.78473663330078
-27.821205139160156
-27.84163475036621
-27.82945442199707
-27.88640022277832
-27.82261085510254
-27.823461532592773
-27.766693115234375
-27.77204704284668
-27.816335678100586
-27.76106834411621
-27.80821418762207
-27.83896255493164
-27.837249755859375
-27.797269821166992
-27.79392433166504
-27.802480697631836
-27.762371063232422
-27.74416160583496
-27.824867248535156
-27.777677536010742
-27.778779983520508
-27.840648651123047
-27.806407928466797
-27.845918655395508
-27.89339828491211
-27.82999038696289
-27.734891891479492
-27.823272705078125
-27.837852478027344
-27.764320373535156
-27.79090690612793
-27.738521575927734
-27.713558197021484
-27.78668212890625
-27.868995666503906
-27.79071044921875
-27.76814079284668
-27.801578521728516
-27.72918128967285
-27.750324249267578
-27.710052490234375
-27.79909896850586
-27.798192977905273
-27.767454147338867
-27.818511962890625
-27.826297760009766
-27.76786994934082
-27.726890563964844
-27.776060104370117
-27.814252853393555
-27.80863380432129
-27.778270721435547
-27.80586051940918
-27.75165557861328
-27.781719207763672
-27.79195213317871
-27.794189453125
-27.764617919921875
-27.775739669799805
-27.776138305664062
-27.774372100830078
-27.806241989135742
-27.774688720703125
-27.66366958618164
-27.77153968811035
-27.792367935180664
-27.80719757080078
-27.75016212463379
-27.795166015625
-27.814355850219727
-27.78579330444336
-27.869661331176758
-27.884553909301758
-27.781707763671875
-27.748693466186523
-27.808307647705078
-27.864849090576172
-27.80309295654297
-27.770034790039062
-27.831239700317383
-27.802770614624023
-27.827468872070312
-27.810152053833008
-27.806318283081055
-27.786296844482422
-27.74264907836914
-27.83954429626465
-27.753589630126953
-27.79231834411621
-27.802709579467773
-27.802852630615234
-27.791885375976562
-27.801443099975586
-27.838565826416016
-27.833189010620117
-27.823726654052734
-27.807222366333008
-27.80580711364746
-27.754627227783203
-27.80038070678711
-27.880355834960938
-27.82975959777832
-27.886550903320312
-27.77806282043457
-27.90519905090332
-27.847171783447266
-27.87155532836914
-27.81602668762207
-27.848737716674805
-27.802295684814453
-27.800086975097656
-27.866458892822266
-27.812925338745117
-27.84343719482422
-27.819063186645508
-27.79148292541504
-27.739151000976562
-27.839550018310547
-27.858245849609375
-27.854982376098633
-27.842159271240234
-27.792110443115234
-27.831558227539062
-27.843952178955078
-27.899972915649414
-27.792558670043945
-27.77749252319336
-27.838886260986328
-27.82298469543457
-27.81415367126465
-27.836423873901367
-27.864797592163086
-27.797225952148438
-27.834077835083008
-27.79741859436035
-27.87751007080078
-27.81507110595703
-27.826126098632812
-27.783565521240234
-27.809364318847656
-27.837430953979492
-27.782711029052734
-27.825885772705078
-27.837539672851562
-27.8371524810791
-27.905004501342773
-27.808866500854492
-27.815969467163086
-27.810789108276367
-27.75931739807129
-27.81216049194336
-27.748830795288086
-27.79572105407715
-27.880084991455078
-27.93667984008789
-27.7752742767334
-27.82820701599121
-27.73299217224121
-27.786090850830078
-27.778728485107422
-27.822528839111328
-27.8045597076416
-27.863616943359375
-27.77592658996582
-27.703950881958008
-27.79524040222168
-27.849294662475586
-27.791996002197266
-27.852359771728516
-27.7901554107666
-27.86380386352539
-27.772294998168945
-27.85596466064453
-27.77542495727539
-27.84639549255371
-27.864154815673828
-27.815168380737305
-27.792360305786133
-27.758792877197266
-27.79578399658203
-27.8315486907959
-27.786165237426758
-27.78829574584961
-27.783233642578125
-27.77518081665039
-27.811481475830078
-27.787628173828125
-27.817861557006836
-27.87628173828125
-27.85443878173828
-27.789608001708984
-27.826662063598633
-27.8377685546875
-27.783679962158203
-27.705841064453125
-27.734071731567383
-27.80146598815918
-27.78728675842285
-27.814002990722656
-27.767927169799805
-27.773571014404297
-27.720691680908203
-27.834165573120117
-27.853057861328125
-27.796981811523438
-27.76943588256836
-27.77907371520996
-27.800125122070312
-27.82957649230957
-27.803363800048828
-27.75693702697754
-27.809335708618164
-27.772212982177734
-27.755107879638672
-27.8620662689209
-27.81525993347168
-27.845203399658203
-27.791645050048828
-27.807044982910156
-27.843297958374023
-27.803993225097656
-27.764328002929688
-27.87051773071289
-27.738828659057617
-27.820688247680664
-27.84404754638672
-27.761079788208008
-27.801271438598633
-27.77419662475586
-27.815711975097656
-27.833951950073242
-27.81155014038086
-27.858510971069336
-27.808727264404297
-27.852153778076172
-27.81243896484375
-27.856653213500977
-27.82755470275879
-27.825204849243164
-27.83476448059082
-27.84331512451172
-27.821735382080078
-27.82810401916504
-27.779573440551758
-27.849950790405273
-27.754976272583008
-27.79464340209961
-27.797929763793945
-27.834716796875
-27.9141845703125
-27.772886276245117
-27.770353317260742
-27.844072341918945
-27.82451629638672
-27.84032440185547
-27.794057846069336
-27.839582443237305
-27.90164566040039
-27.8164005279541
-27.799650192260742
-27.831064224243164
-27.78451156616211
-27.875333786010742
-27.823762893676758
-27.905569076538086
-27.863059997558594
-27.799184799194336
-27.84758949279785
-27.817035675048828
-27.868408203125
-27.84387969970703
-27.877185821533203
-27.79810333251953
-27.85016632080078
-27.843521118164062
-27.917299270629883
-27.81498146057129
-27.836275100708008
-27.820261001586914
-27.92154312133789
-27.792997360229492
-27.867807388305664
-27.765268325805664
-27.83718490600586
-27.803613662719727
-27.802818298339844
-27.844070434570312
-27.792226791381836
-27.78959846496582
-27.79344940185547
-27.888832092285156
-27.81609344482422
-27.823184967041016
-27.81256103515625
-27.81889533996582
-27.7681884765625
-27.786048889160156
-27.79401206970215
-27.885465621948242
-27.858652114868164
-27.857694625854492
-27.78184700012207
-27.85396957397461
-27.816240310668945
-27.78569221496582
-27.758100509643555
-27.80735206604004
-27.81513214111328
-27.83539390563965
-27.88111686706543
-27.80331039428711
-27.729551315307617
-27.8306884765625
-27.87989616394043
-27.759662628173828
-27.833147048950195
-27.769193649291992
-27.830217361450195
-27.76439094543457
-27.809680938720703
-27.78352165222168
-27.854949951171875
-27.892724990844727
-27.77959632873535
-27.79791831970215
-27.812843322753906
-27.804088592529297
-27.751266479492188
-27.7938232421875
-27.851991653442383
-27.76907730102539
-27.846431732177734
-27.83325958251953
-27.81577491760254
-27.835525512695312
-27.85285758972168
-27.78045654296875
-27.847930908203125
-27.868234634399414
-27.796489715576172
-27.866853713989258
-27.887537002563477
-27.8521728515625
-27.80257797241211
-27.789093017578125
-27.830806732177734
-27.811325073242188
-27.796228408813477
-27.799121856689453
-27.885610580444336
-27.80495834350586
-27.796871185302734
-27.821048736572266
-27.837554931640625
-27.829561233520508
-27.82730484008789
-27.875980377197266
-27.850597381591797
-27.813669204711914
-27.849342346191406
-27.774879455566406
-27.833389282226562
-27.851024627685547
-27.75162696838379
-27.815160751342773
-27.7900390625
-27.81659698486328
-27.80169105529785
-27.795822143554688
-27.857234954833984
-27.845306396484375
-27.82650375366211
-27.81500816345215
-27.847394943237305
-27.81010627746582
-27.822040557861328
-27.8299503326416
-27.839298248291016
-27.796411514282227
-27.78968048095703
-27.89405059814453
-27.848186492919922
-27.802602767944336
-27.909940719604492
-27.8409423828125
-27.807369232177734
-27.94581413269043
-27.88203239440918
-27.823959350585938
-27.889324188232422
-27.82303810119629
-27.819442749023438
-27.880935668945312
-27.861225128173828
-27.819944381713867
-27.860118865966797
-27.831830978393555
-27.872249603271484
-27.837337493896484
-27.754241943359375
-27.854751586914062
-27.765317916870117
-27.86336898803711
-27.830829620361328
-27.820465087890625
-27.854440689086914
-27.813810348510742
-27.832046508789062
-27.860321044921875
-27.872459411621094
-27.779050827026367
-27.81684684753418
-27.874483108520508
-27.820920944213867
-27.788599014282227
-27.752126693725586
-27.840675354003906
-27.880281448364258
-27.883291244506836
-27.817333221435547
-27.9163761138916
-27.790307998657227
-27.83104133605957
-27.860610961914062
-27.84812355041504
-27.884567260742188
-27.82787322998047
-27.78451919555664
-27.867568969726562
-27.791074752807617
-27.85340690612793
-27.88231086730957
-27.85908317565918
-27.817533493041992
-27.84836196899414
-27.813438415527344
-27.89365577697754
-27.85677146911621
-27.87295913696289
-27.834102630615234
-27.825279235839844
-27.81682586669922
-27.83219337463379
-27.820907592773438
-27.772354125976562
-27.833406448364258
-27.892578125
-27.864261627197266
-27.87465476989746
-27.8525447845459
-27.87212371826172
-27.803272247314453
-27.835596084594727
-27.85715675354004
-27.84688949584961
-27.827688217163086
-27.830364227294922
-27.792802810668945
-27.83243751525879
-27.82529640197754
-27.809093475341797
-27.863189697265625
-27.802692413330078
-27.855663299560547
-27.831872940063477
-27.794523239135742
-27.78598403930664
-27.85953140258789
-27.793684005737305
-27.75784683227539
-27.888811111450195
-27.87642478942871
-27.89792823791504
-27.78202247619629
-27.754039764404297
-27.851205825805664
-27.829864501953125
-27.8094539642334
-27.861331939697266
-27.877099990844727
-27.853775024414062
-27.849288940429688
-27.841114044189453
-27.837812423706055
-27.838340759277344
-27.887292861938477
-27.86427879333496
-27.841028213500977
-27.815937042236328
-27.92681312561035
-27.815916061401367
-27.878944396972656
-27.946380615234375
-27.799097061157227
-27.808012008666992
-27.853248596191406
-27.853731155395508
-27.86304473876953
-27.870025634765625
-27.85763931274414
-27.809843063354492
-27.829397201538086
-27.810428619384766
-27.871849060058594
-27.872350692749023
-27.851343154907227
-27.867826461791992
-27.88292121887207
-27.805431365966797
-27.825401306152344
-27.835792541503906
-27.840900421142578
-27.818134307861328
-27.82002830505371
-27.94251823425293
-27.9141845703125
-27.85690689086914
-27.86530303955078
-27.768205642700195
-27.85888671875
-27.821056365966797
-27.846891403198242
-27.847347259521484
-27.784770965576172
-27.870407104492188
-27.8041934967041
-27.782663345336914
-27.8835391998291
-27.80677604675293
-27.830556869506836
-27.83730125427246
-27.83216667175293
-27.74707794189453
-27.922863006591797
-27.944549560546875
-27.896291732788086
-27.801467895507812
-27.91006088256836
-27.84449577331543
-27.870283126831055
-27.9204044342041
-27.748043060302734
-27.914094924926758
-27.838876724243164
-27.79994010925293
-27.902868270874023
-27.787687301635742
-27.83598518371582
-27.7991943359375
-27.812108993530273
-27.80467987060547
-27.787710189819336
-27.86067008972168
-27.834646224975586
-27.855466842651367
-27.893056869506836
-27.914255142211914
-27.837657928466797
-27.883258819580078
-27.868642807006836
-27.81751251220703
-27.853803634643555
-27.853652954101562
-27.886232376098633
-27.852224349975586
-27.860254287719727
-27.931283950805664
-27.867156982421875
-27.768539428710938
-27.831735610961914
-27.829561233520508
-27.860036849975586
-27.803260803222656
-27.879093170166016
-27.797407150268555
-27.885543823242188
-27.861900329589844
-27.881589889526367
-27.89022445678711
-27.81418228149414
-27.82451629638672
-27.797773361206055
-27.791433334350586
-27.787071228027344
-27.939979553222656
-27.84023094177246
-27.800064086914062
-27.96995735168457
-27.87105941772461
-27.87229347229004
-27.816755294799805
-27.922359466552734
-27.891876220703125
-27.94186019897461
-27.86136817932129
-27.863473892211914
-27.91356086730957
-27.92261505126953
-27.904991149902344
-27.88541030883789
-27.82095718383789
-27.88163185119629
-27.907564163208008
-27.8641300201416
-27.81076431274414
-27.88340950012207
-27.92285919189453
-27.851539611816406
-27.880977630615234
-27.84714698791504
-27.877073287963867
-27.909482955932617
-27.835304260253906
-27.864213943481445
-27.869903564453125
-27.811872482299805
-27.852113723754883
-27.857275009155273
-27.831064224243164
-27.890230178833008
-27.95474624633789
-27.860151290893555
-27.826406478881836
-27.854455947875977
-27.86966896057129
-27.84579849243164
-27.822139739990234
-27.863697052001953
-27.83887481689453
-27.904571533203125
-27.871206283569336
-27.804546356201172
-27.83408546447754
-27.846309661865234
-27.83237648010254
-27.854982376098633
-27.823074340820312
-27.804887771606445
-27.913352966308594
-27.896358489990234
-27.89202880859375
-27.873828887939453
-27.89354705810547
-27.77796173095703
-27.826305389404297
-27.839204788208008
-27.89275550842285
-27.89437484741211
-27.8665828704834
-27.910978317260742
-27.91046905517578
-27.85230827331543
-27.846881866455078
-27.87188720703125
-27.84754180908203
-27.859724044799805
-27.853134155273438
-27.931835174560547
-27.831989288330078
-27.897789001464844
-27.933847427368164
-27.91548728942871
-27.780439376831055
-27.879404067993164
-27.895231246948242
-27.884723663330078
-27.923988342285156
-27.9390926361084
-27.965646743774414
-27.899829864501953
-27.884775161743164
-27.849315643310547
-27.862817764282227
-27.826406478881836
-27.86646270751953
-27.865467071533203
-27.903751373291016
-27.96213150024414
-27.88701820373535
-27.84528350830078
-27.885177612304688
-27.92911148071289
-27.91214942932129
-27.830448150634766
-27.885766983032227
-27.85930061340332
-27.848482131958008
-27.936054229736328
-27.83879852294922
-27.899858474731445
-27.871795654296875
-27.87676429748535
-27.925661087036133
-27.865345001220703
-27.8617000579834
-27.9052791595459
-27.935260772705078
-27.9153995513916
-27.960208892822266
-27.916427612304688
-27.881027221679688
-27.962482452392578
-27.931793212890625
-27.949737548828125
-27.90056037902832
-27.910411834716797
-27.84814453125
-27.86564064025879
-27.80244255065918
-27.885601043701172
-27.88979148864746
-27.899152755737305
-27.920591354370117
-27.887258529663086
-27.93194580078125
-27.880643844604492
-27.88393783569336
-27.926694869995117
-27.791919708251953
-27.844581604003906
-27.885616302490234
-27.923648834228516
-27.93995475769043
-27.835079193115234
-27.902664184570312
-27.930580139160156