-6.513585090637207
-6.431774139404297
-6.420540809631348
-6.395432472229004
-6.381891250610352
-6.355585098266602
-6.351577281951904
-6.328376770019531
-6.327857494354248
-6.320854187011719
-6.304654598236084
-6.289419174194336
-6.281497955322266
-6.274584770202637
-6.266446113586426
-6.260251522064209
-6.251801490783691
-6.23599910736084
-6.232095241546631
-6.223338603973389
-6.218096733093262
-6.204022407531738
-6.184579849243164
-6.188378810882568
-6.179772853851318
-6.164897441864014
-6.161497116088867
-6.159086227416992
-6.1396613121032715
-6.138279438018799
-6.115609645843506
-6.12181282043457
-6.107357501983643
-6.11234188079834
-6.082475185394287
-6.08880615234375
-6.072139263153076
-6.075078964233398
-6.067951679229736
-6.058728218078613
-6.048543453216553
-6.048990726470947
-6.027705669403076
-6.033109664916992
-6.030574798583984
-6.0152907371521
-6.0077385902404785
-5.993582248687744
-5.989161968231201
-5.988009929656982
-27.467069625854492
-28.89464569091797
-28.81278419494629
-28.91878318786621
-28.832876205444336
-28.999338150024414
-28.978790283203125
-28.99823570251465
-28.971601486206055
-28.93682861328125
-28.974197387695312
-28.881549835205078
-28.92410659790039
-28.93498420715332
-28.887939453125
-28.978317260742188
-28.995210647583008
-28.955289840698242
-28.945026397705078
-29.02115821838379
-28.945785522460938
-28.875146865844727
-28.914392471313477
-28.87096405029297
-28.917476654052734
-28.888471603393555
-28.805927276611328
-28.873815536499023
-28.741361618041992
-28.7645263671875
-28.90155029296875
-28.789369583129883
-28.797449111938477
-28.909042358398438
-28.891698837280273
-28.852914810180664
-28.899599075317383
-28.859521865844727
-28.77889060974121
-28.818151473999023
-28.803407669067383
-28.774887084960938
-28.719675064086914
-28.778804779052734
-28.830108642578125
-28.732736587524414
-28.714828491210938
-28.70553207397461
-28.631153106689453
-28.760683059692383
-28.69363021850586
-28.626054763793945
-28.721267700195312
-28.680715560913086
-28.73065948486328
-28.62194061279297
-28.63661003112793
-28.664493560791016
-28.665048599243164
-28.673290252685547
-28.660362243652344
-28.63453483581543
-28.559001922607422
-28.50320053100586
-28.5760555267334
-28.538616180419922
-28.450979232788086
-28.453393936157227
-28.472827911376953
-28.559236526489258
-28.421186447143555
-28.343793869018555
-28.48271942138672
-28.47997283935547
-28.52286720275879
-28.451526641845703
-28.463211059570312
-28.410877227783203
-28.32842445373535
-28.455045700073242
-28.352394104003906
-28.430410385131836
-28.455196380615234
-28.384876251220703
-28.294755935668945
-28.44319725036621
-28.32256317138672
-28.48114776611328
-28.392885208129883
-28.37992286682129
-28.306936264038086
-28.40990447998047
-28.385814666748047
-28.29878044128418
-28.550113677978516
-28.418846130371094
-28.37869644165039
-28.389652252197266
-28.52016258239746
-28.472896575927734
-28.53194236755371
-28.56433868408203
-28.534080505371094
-28.531219482421875
-28.51099967956543
-28.538036346435547
-28.63905143737793
-28.504695892333984
-28.651453018188477
-28.55177116394043
-28.66373634338379
-28.58258056640625
-28.623924255371094
-28.753042221069336
-28.72998046875
-28.67958641052246
-28.75128936767578
-28.657978057861328
-28.767969131469727
-28.75196075439453
-28.730300903320312
-28.804290771484375
-28.842472076416016
-28.82920265197754
-28.83199119567871
-28.88886260986328
-28.960020065307617
-28.838525772094727
-28.918664932250977
-28.987913131713867
-29.01060676574707
-29.0687255859375
-29.103199005126953
-29.093769073486328
-29.060949325561523
-29.217559814453125
-29.12114906311035
-29.330516815185547
-29.343353271484375
-29.348323822021484
-29.33872413635254
-29.485462188720703
-29.47247314453125
-29.526607513427734
-29.365161895751953
-29.44186782836914
-29.51109504699707
-29.61005401611328
-29.528583526611328
-29.6259822845459
-29.639482498168945
-29.65377426147461
-29.762296676635742
-29.79132843017578
-29.821500778198242
-29.82942008972168
-29.92619514465332
-30.069124221801758
-30.066455841064453
-30.018815994262695
-30.12782859802246
-30.252723693847656
-30.268447875976562
-30.183279037475586
-30.312440872192383
-30.23769760131836
-30.32369613647461
-30.35179328918457
-30.2996826171875
-30.432449340820312
-30.719606399536133
-30.62874412536621
-30.55295181274414
-30.77035903930664
-30.861787796020508
-30.74851417541504
-30.9457950592041
-30.99365234375
-30.858970642089844
-30.977651596069336
-31.14200210571289
-31.23123550415039
-31.362367630004883
-31.420276641845703
-31.43264389038086
-31.666614532470703
-31.775346755981445
-31.58849334716797
-31.704360961914062
-31.947860717773438
-31.915966033935547
-32.050777435302734
-31.94774627685547
-32.26030349731445
-32.22642135620117
-32.19266128540039
-32.25053787231445
-32.39207077026367
-32.41114807128906
-32.6302490234375
-32.71711349487305
-32.63138961791992
-32.68982696533203
-32.676212310791016
-32.7884407043457
-32.782501220703125
-32.64622497558594
-32.53414535522461
-32.72132110595703
-32.73635482788086
-33.010536193847656
-32.92148208618164
-33.00940704345703
-33.0057258605957
-32.59195327758789
-32.61220932006836
-32.80217361450195
-32.7507209777832
-32.89352035522461
-32.70283508300781
-32.61766815185547
-32.7747917175293
-32.40894317626953
-32.45594024658203
-32.47220993041992
-32.44239044189453
-32.328739166259766
-32.43790054321289
-32.217201232910156
-32.14878845214844
-31.966482162475586
-31.929868698120117
-31.905439376831055
-31.75501251220703
-31.77320098876953
-31.789310455322266
-31.716049194335938
-31.60559844970703
-31.554546356201172
-31.500972747802734
-31.397005081176758
-31.326854705810547
-31.37954330444336
-31.30120277404785
-31.237592697143555
-31.275615692138672
-31.185720443725586
-31.21185874938965
-31.23233413696289
-31.119789123535156
-30.958541870117188
-31.037635803222656
-31.017532348632812
-30.885211944580078
-30.890867233276367
-30.790645599365234
-30.7138729095459
-30.785444259643555
-30.862491607666016
-30.746570587158203
-30.688159942626953
-30.711545944213867
-30.586753845214844
-30.58325958251953
-30.510663986206055
-30.59866714477539
-30.573896408081055
-30.518491744995117
-30.553869247436523
-30.54487419128418
-30.453693389892578
-30.3691349029541
-30.410497665405273
-30.43656349182129
-30.435440063476562
-30.357940673828125
-30.37816619873047
-30.291648864746094
-30.294349670410156
-30.310867309570312
-30.28116798400879
-30.220745086669922
-30.224119186401367
-30.191587448120117
-30.182018280029297
-30.209720611572266
-30.14337730407715
-29.961149215698242
-30.100666046142578
-30.114248275756836
-30.106151580810547
-30.012123107910156
-30.05653190612793
-30.069068908691406
-30.014982223510742
-30.11468505859375
-30.107757568359375
-29.953088760375977
-29.886489868164062
-29.950448989868164
-30.036657333374023
-29.926284790039062
-29.871152877807617
-29.925922393798828
-29.871641159057617
-29.876516342163086
-29.840587615966797
-29.814678192138672
-29.764711380004883
-29.687698364257812
-29.796913146972656
-29.662288665771484
-29.685754776000977
-29.693967819213867
-29.662246704101562
-29.635086059570312
-29.627830505371094
-29.651708602905273
-29.640722274780273
-29.60917091369629
-29.577600479125977
-29.556400299072266
-29.480073928833008
-29.53082847595215
-29.63062858581543
-29.553539276123047
-29.621950149536133
-29.480411529541016
-29.621044158935547
-29.544919967651367
-29.556655883789062
-29.483047485351562
-29.503313064575195
-29.434261322021484
-29.41692352294922
-29.471595764160156
-29.393342971801758
-29.41718292236328
-29.368471145629883
-29.30839729309082
-29.24247932434082
-29.331315994262695
-29.324256896972656
-29.29806900024414
-29.27083396911621
-29.194974899291992
-29.20648956298828
-29.19855308532715
-29.2410831451416
-29.109516143798828
-29.086193084716797
-29.153356552124023
-29.14042854309082
-29.124835968017578
-29.15757179260254
-29.189685821533203
-29.112733840942383
-29.168304443359375
-29.12848472595215
-29.210790634155273
-29.143943786621094
-29.146493911743164
-29.102964401245117
-29.123220443725586
-29.156558990478516
-29.08946990966797
-29.142955780029297
-29.1466064453125
-29.14581871032715
-29.233823776245117
-29.10713768005371
-29.1221923828125
-29.123001098632812
-29.03753089904785
-29.10741424560547
-29.032285690307617
-29.092803955078125
-29.20256996154785
-29.28472328186035
-29.092578887939453
-29.17643165588379
-29.070051193237305
-29.150348663330078
-29.16490364074707
-29.22782325744629
-29.222557067871094
-29.30437660217285
-29.214780807495117
-29.132938385009766
-29.2547607421875
-29.331127166748047
-29.270008087158203
-29.34614372253418
-29.268789291381836
-29.37628936767578
-29.26220703125
-29.365209579467773
-29.27596092224121
-29.361968994140625
-29.38031005859375
-29.32440185546875
-29.29916763305664
-29.257522583007812
-29.300382614135742
-29.349853515625
-29.289234161376953
-29.28575897216797
-29.275928497314453
-29.263736724853516
-29.29429054260254
-29.252300262451172
-29.28681182861328
-29.34368133544922
-29.307634353637695
-29.22404670715332
-29.25066375732422
-29.25281524658203
-29.179922103881836
-29.083045959472656
-29.096357345581055
-29.17152214050293
-29.146026611328125
-29.165376663208008
-29.094036102294922
-29.101242065429688
-29.028369903564453
-29.15238380432129
-29.15848159790039
-29.082487106323242
-29.04937744140625
-29.0362491607666
-29.047115325927734
-29.07880401611328
-29.03092384338379
-28.97383689880371
-29.024826049804688
-28.960845947265625
-28.9346866607666
-29.04897117614746
-28.97800064086914
-28.9954891204834
-28.923269271850586
-28.931299209594727
-28.96368980407715
-28.913835525512695
-28.84958839416504
-28.955541610717773
-28.785757064819336
-28.876081466674805
-28.887067794799805
-28.787338256835938
-28.826860427856445
-28.771610260009766
-28.82028579711914
-28.818763732910156
-28.79317855834961
-28.838411331176758
-28.763080596923828
-28.802309036254883
-28.7547607421875
-28.787046432495117
-28.745922088623047
-28.734228134155273
-28.732088088989258
-28.7310791015625
-28.709550857543945
-28.701923370361328
-28.645071029663086
-28.721776962280273
-28.60000228881836
-28.64078712463379
-28.627918243408203
-28.668394088745117
-28.759441375732422
-28.57608985900879
-28.5891170501709
-28.64781951904297
-28.621971130371094
-28.631650924682617
-28.576557159423828
-28.616281509399414
-28.684656143188477
-28.596580505371094
-28.55371856689453
-28.571149826049805
-28.489566802978516
-28.573774337768555
-28.52153778076172
-28.6115665435791
-28.516376495361328
-28.464731216430664
-28.48906898498535
-28.448591232299805
-28.453264236450195
-28.422151565551758
-28.400951385498047
-28.277542114257812
-28.268661499023438
-28.184579849243164
-28.20148277282715
-28.088647842407227
-28.09447479248047
-28.072837829589844
-28.069955825805664
-27.967836380004883
-28.002971649169922
-27.883132934570312
-27.92338752746582
-27.87415885925293
-27.860254287719727
-27.845563888549805
-27.86417007446289
-27.81875228881836
-27.821990966796875
-27.851970672607422
-27.731979370117188
-27.726078033447266
-27.683624267578125
-27.697362899780273
-27.655729293823242
-27.64494514465332
-27.664268493652344
-27.763059616088867
-27.785850524902344
-27.81174087524414
-27.801959991455078
-27.886150360107422
-27.896406173706055
-27.884613037109375
-27.88147735595703
-27.960121154785156
-27.98175621032715
-28.08383560180664
-28.14290428161621
-28.097827911376953
-28.040746688842773
-28.148405075073242
-28.21233367919922
-28.120582580566406
-28.198307037353516
-28.186073303222656
-28.275985717773438
-28.224700927734375
-28.27048683166504
-28.297454833984375
-28.36191177368164
-28.406902313232422
-28.33275604248047
-28.3422908782959
-28.39008331298828
-28.38231658935547
-28.347442626953125
-28.400659561157227
-28.429122924804688
-28.35926628112793
-28.45359992980957
-28.4354248046875
-28.411636352539062
-28.437911987304688
-28.446165084838867
-28.376846313476562
-28.429975509643555
-28.46957015991211
-28.393659591674805
-28.4516658782959
-28.460018157958984
-28.415603637695312
-28.36404800415039
-28.330947875976562
-28.382091522216797
-28.3542423248291
-28.33906364440918
-28.31613540649414
-28.415681838989258
-28.31780433654785
-28.30085563659668
-28.334300994873047
-28.345434188842773
-28.326457977294922
-28.319238662719727
-28.360315322875977
-28.32833480834961
-28.281147003173828
-28.318042755126953
-28.225757598876953
-28.28408432006836
-28.297391891479492
-28.176015853881836
-28.234317779541016
-28.19826316833496
-28.224227905273438
-28.200471878051758
-28.185121536254883
-28.239486694335938
-28.221891403198242
-28.188289642333984
-28.166566848754883
-28.20075798034668
-28.147493362426758
-28.14630889892578
-28.154260635375977
-28.150665283203125
-28.09817886352539
-28.078853607177734
-28.18021583557129
-28.125648498535156
-28.06533432006836
-28.179075241088867
-28.093502044677734
-28.038990020751953
-28.18622398376465
-28.10309410095215
-28.02814483642578
-28.095439910888672
-28.016420364379883
-27.996545791625977
-28.05677604675293
-28.03048324584961
-27.97255516052246
-28.008426666259766
-27.968233108520508
-28.00553321838379
-27.95415687561035
-27.84762191772461
-27.95424461364746
-27.848779678344727
-27.936750411987305
-27.899988174438477
-27.880327224731445
-27.907440185546875
-27.84967613220215
-27.865432739257812
-27.875526428222656
-27.886878967285156
-27.77440071105957
-27.81097984313965
-27.868196487426758
-27.79458236694336
-27.749988555908203
-27.698596954345703
-27.78990936279297
-27.822847366333008
-27.814716339111328
-27.728111267089844
-27.837053298950195
-27.68874740600586
-27.722013473510742
-27.746257781982422
-27.71922492980957
-27.751001358032227
-27.6822452545166
-27.6265926361084
-27.70852279663086
-27.61207389831543
-27.676183700561523
-27.694408416748047
-27.66004180908203
-27.607229232788086
-27.636018753051758
-27.58493995666504
-27.664247512817383
-27.617494583129883
-27.619169235229492
-27.57049560546875
-27.552268981933594
-27.533531188964844
-27.54347801208496
-27.523231506347656
-27.46772003173828
-27.52064323425293
-27.572404861450195
-27.533849716186523
-27.537704467773438
-27.505695343017578
-27.51431655883789
-27.435373306274414
-27.457534790039062
-27.48060417175293
-27.453371047973633
-27.429492950439453
-27.414194107055664
-27.3721866607666
-27.40328025817871
-27.39204216003418
-27.3675537109375
-27.408432006835938
-27.34396743774414
-27.387887954711914
-27.35409927368164
-27.312156677246094
-27.284610748291016
-27.358802795410156
-27.28371238708496
-27.23374366760254
-27.35912322998047
-27.3372802734375
-27.362903594970703
-27.221004486083984
-27.191370010375977
-27.27677345275879
-27.252023696899414
-27.225418090820312
-27.264911651611328
-27.27068519592285
-27.242382049560547
-27.23187828063965
-27.216732025146484
-27.209272384643555
-27.18777847290039
-27.234718322753906
-27.205270767211914
-27.17341423034668
-27.136920928955078
-27.244958877563477
-27.118045806884766
-27.18315315246582
-27.240617752075195
-27.082393646240234
-27.077472686767578
-27.126062393188477
-27.11433219909668
-27.116559982299805
-27.11469078063965
-27.09053611755371
-27.037824630737305
-27.052778244018555
-27.031986236572266
-27.078208923339844
-27.069520950317383
-27.040374755859375
-27.052444458007812
-27.061302185058594
-26.971826553344727
-26.98231315612793
-26.987150192260742
-26.993661880493164
-26.959814071655273
-26.954891204833984
-27.077102661132812
-27.036514282226562
-26.971155166625977
-26.966344833374023
-26.862194061279297
-26.94574546813965
-26.898591995239258
-26.931264877319336
-26.920116424560547
-26.84090805053711
-26.922672271728516
-26.85034942626953
-26.811664581298828
-26.92791175842285
-26.82999610900879
-26.840740203857422
-26.866586685180664
-26.865354537963867
-26.75086212158203
-26.902698516845703
-26.92669677734375
-26.86163330078125
-26.772581100463867
-26.89127540588379
-26.810596466064453
-26.823169708251953
-26.87474250793457
-26.67127227783203
-26.840961456298828
-26.767396926879883
-26.714357376098633
-26.807172775268555
-26.683380126953125
-26.73165512084961
-26.690776824951172
-26.695276260375977
-26.67976951599121
-26.64618492126465
-26.72153663635254
-26.68161392211914
-26.701698303222656
-26.73440170288086
-26.738527297973633
-26.65313720703125
-26.694843292236328
-26.680892944335938
-26.606887817382812
-26.663225173950195
-26.64171600341797
-26.665414810180664
-26.638652801513672
-26.6302547454834
-26.699804306030273
-26.609283447265625
-26.49295425415039
-26.547115325927734
-26.540021896362305
-26.580322265625
-26.523883819580078
-26.5957088470459
-26.481964111328125
-26.56427574157715
-26.540102005004883
-26.536344528198242
-26.5474796295166
-26.452898025512695
-26.472715377807617
-26.425304412841797
-26.429609298706055
-26.42401695251465
-26.550735473632812
-26.438432693481445
-26.390968322753906
-26.561246871948242
-26.437623977661133
-26.423208236694336
-26.359132766723633
-26.469921112060547
-26.422195434570312
-26.46354103088379
-26.36874008178711
-26.362869262695312
-26.40204620361328
-26.404020309448242
-26.37192153930664
-26.345121383666992
-26.27465057373047
-26.32853889465332
-26.343477249145508
-26.292619705200195
-26.22579002380371
-26.29475212097168
-26.31869888305664
-26.254682540893555
-26.26421356201172
-26.24300765991211
-26.243059158325195
-26.266517639160156
-26.183380126953125
-26.202730178833008
-26.20021629333496
-26.129032135009766
-26.16122055053711
-26.15846824645996
-26.119766235351562
-26.177539825439453
-26.232406616210938
-26.129413604736328
-26.085132598876953
-26.102771759033203
-26.11287498474121
-26.07509422302246
-26.03989028930664
-26.085891723632812
-26.043773651123047
-26.109046936035156
-26.059629440307617
-25.988283157348633
-26.000213623046875
-26.01514434814453
-25.98640251159668
-25.996318817138672
-25.958356857299805
-25.938737869262695
-26.040454864501953
-26.01082420349121
-25.975685119628906
-25.968589782714844
-25.97701072692871
-25.84349822998047
-25.89498519897461
-25.89291000366211
-25.954721450805664
-25.92894744873047
-25.89866065979004
-25.933786392211914
-25.929859161376953
-25.85274887084961
-25.83635902404785
-25.863933563232422
-25.822534561157227
-25.826807022094727
-25.815025329589844
-25.882326126098633
-25.774919509887695
-25.83452606201172
-25.869150161743164
-25.841045379638672
-25.674480438232422
-25.77497673034668
-25.781517028808594
-25.76569938659668
-25.795413970947266
-25.80299949645996
-25.81871223449707
-25.744829177856445
-25.710851669311523
-25.680204391479492
-25.685745239257812
-25.63793182373047
-25.665035247802734
-25.654254913330078
-25.679372787475586
-25.73723030090332
-25.644407272338867
-25.5958309173584
-25.628084182739258
-25.677181243896484
-25.637598037719727
-25.555740356445312
-25.589826583862305
-25.559471130371094
-25.535505294799805
-25.624347686767578
-25.503435134887695
-25.565675735473633
-25.52937126159668
-25.50229835510254
-25.565649032592773
-25.48260498046875
-25.485307693481445
-25.520708084106445
-25.527536392211914
-25.507129669189453
-25.544878005981445
-25.49106788635254
-25.441261291503906
-25.52703094482422
-25.476852416992188
-25.489036560058594
-25.424129486083984
-25.434345245361328
-25.368440628051758
-25.377294540405273
-25.289501190185547
-25.372976303100586
-25.36469078063965
-25.37215232849121
-25.37192153930664
-25.340755462646484
-25.377300262451172
-25.30670738220215
-25.320528030395508
-25.33172607421875
-25.20294189453125
-25.23601722717285
-25.27582359313965
-25.327245712280273
-25.30706024169922
-25.204557418823242
-25.27589988708496
-25.277536392211914