-28.978296279907227
-28.88731575012207
-28.921398162841797
-28.85547637939453
-28.815628051757812
-28.721757888793945
-28.699893951416016
-28.63227081298828
-28.608747482299805
-28.555049896240234
-28.509227752685547
-28.45960235595703
-28.43394660949707
-28.399169921875
-28.3358097076416
-28.307544708251953
-28.26766586303711
-28.205347061157227
-28.190153121948242
-28.1181697845459
-28.07822608947754
-28.038463592529297
-27.99249839782715
-27.972179412841797
-27.926897048950195
-27.850921630859375
-27.835647583007812
-27.790645599365234
-27.721508026123047
-27.71217155456543
-27.632617950439453
-27.607877731323242
-27.602956771850586
-27.57019805908203
-27.45958709716797
-27.474599838256836
-27.429332733154297
-27.409406661987305
-27.39337158203125
-27.306907653808594
-27.284706115722656
-27.26915168762207
-27.16512680053711
-27.17963981628418
-27.15286636352539
-27.100969314575195
-27.06557273864746
-27.03277015686035
-27.00322723388672
-26.963294982910156
-44.25981903076172
-40.2411994934082
-37.507904052734375
-36.15861129760742
-35.33438491821289
-34.99604034423828
-34.29623031616211
-34.10408401489258
-33.80766296386719
-33.51310348510742
-33.35393142700195
-33.10296630859375
-33.018924713134766
-33.043827056884766
-32.87680435180664
-32.86528015136719
-32.798641204833984
-32.73430252075195
-32.68149185180664
-32.872894287109375
-32.60867691040039
-32.62070846557617
-32.72316360473633
-32.63032531738281
-32.58162307739258
-32.63154983520508
-32.493160247802734
-32.563880920410156
-32.5113410949707
-32.55160140991211
-32.66777038574219
-32.60000228881836
-32.5589714050293
-32.62605667114258
-32.67018127441406
-32.631553649902344
-32.74763870239258
-32.67362976074219
-32.69521713256836
-32.745330810546875
-32.713077545166016
-32.631591796875
-32.638484954833984
-32.7541389465332
-32.740631103515625
-32.72269058227539
-32.68496322631836
-32.805084228515625
-32.69143295288086
-32.800628662109375
-32.78960037231445
-32.694698333740234
-32.879981994628906
-32.73678207397461
-32.89854049682617
-32.81969451904297
-32.82175827026367
-32.90918731689453
-32.869571685791016
-33.00851058959961
-32.90705871582031
-32.964820861816406
-32.86270523071289
-32.75398254394531
-32.91536331176758
-33.031707763671875
-32.852142333984375
-32.84430694580078
-32.976783752441406
-32.997379302978516
-32.820247650146484
-32.81019592285156
-33.01814651489258
-32.86416244506836
-33.05235290527344
-32.98966598510742
-33.18294143676758
-32.967918395996094
-32.930179595947266
-33.042274475097656
-32.88064956665039
-32.99813461303711
-33.18302917480469
-33.15134048461914
-32.973846435546875
-33.24379348754883
-32.984954833984375
-33.35750198364258
-33.1743278503418
-33.26089859008789
-33.10615921020508
-33.17457580566406
-33.3504753112793
-33.146671295166016
-33.56165313720703
-33.472389221191406
-33.33829116821289
-33.45451736450195
-33.6036262512207
-33.526859283447266
-33.60063171386719
-33.571903228759766
-33.629249572753906
-33.5400390625
-33.5224494934082
-33.658660888671875
-33.65496063232422
-33.6182746887207
-33.73994445800781
-33.64216232299805
-33.79576873779297
-33.728515625
-33.62501907348633
-33.7958984375
-33.79245376586914
-33.55876541137695
-33.61147689819336
-33.48857116699219
-33.60071563720703
-33.608551025390625
-33.538963317871094
-33.575565338134766
-33.37398910522461
-33.35031509399414
-33.38972091674805
-33.279876708984375
-33.32689666748047
-33.1664924621582
-33.11958312988281
-33.14105224609375
-33.08650588989258
-32.8939094543457
-32.83857345581055
-32.8265495300293
-32.764610290527344
-32.79256057739258
-32.561038970947266
-32.639381408691406
-32.567779541015625
-32.49973678588867
-32.38953399658203
-32.38351058959961
-32.36283874511719
-32.27194595336914
-32.144630432128906
-32.120452880859375
-32.03038787841797
-32.063018798828125
-31.820798873901367
-31.803598403930664
-31.886764526367188
-31.758460998535156
-31.635087966918945
-31.61473274230957
-31.675264358520508
-31.524147033691406
-31.530263900756836
-31.44095230102539
-31.336977005004883
-31.3297119140625
-31.284029006958008
-31.246082305908203
-31.197200775146484
-31.006437301635742
-31.003637313842773
-30.93678855895996
-30.87684440612793
-30.907039642333984
-30.764434814453125
-30.711793899536133
-30.6995849609375
-30.673358917236328
-30.57534408569336
-30.517539978027344
-30.513431549072266
-30.424739837646484
-30.425941467285156
-30.349105834960938
-30.22052764892578
-30.20806121826172
-30.159921646118164
-30.126441955566406
-30.09150505065918
-30.039485931396484
-29.966062545776367
-29.991897583007812
-29.931955337524414
-29.84592628479004
-29.866886138916016
-29.86101531982422
-29.8000545501709
-29.81621742248535
-29.722806930541992
-29.776945114135742
-29.716407775878906
-29.679494857788086
-29.707508087158203
-29.66140365600586
-29.603145599365234
-29.629518508911133
-29.667707443237305
-29.605985641479492
-29.6007022857666
-29.656036376953125
-29.629741668701172
-29.612186431884766
-29.56888198852539
-29.499141693115234
-29.537614822387695
-29.545488357543945
-29.62639045715332
-29.558496475219727
-29.604772567749023
-29.578887939453125
-29.55454444885254
-29.542015075683594
-29.576156616210938
-29.561168670654297
-29.6086483001709
-29.52534294128418
-29.51039695739746
-29.567155838012695
-29.46580696105957
-29.53293800354004
-29.484844207763672
-29.543495178222656
-29.56357192993164
-29.55486488342285
-29.514413833618164
-29.484338760375977
-29.474340438842773
-29.475610733032227
-29.491600036621094
-29.453378677368164
-29.44055938720703
-29.517112731933594
-29.530086517333984
-29.403545379638672
-29.41254425048828
-29.465486526489258
-29.451879501342773
-29.396806716918945
-29.44476890563965
-29.373620986938477
-29.394865036010742
-29.461084365844727
-29.38473892211914
-29.39314079284668
-29.427692413330078
-29.384313583374023
-29.342002868652344
-29.397201538085938
-29.361818313598633
-29.349872589111328
-29.326705932617188
-29.28636360168457
-29.27588653564453
-29.336917877197266
-29.363306045532227
-29.316905975341797
-29.314128875732422
-29.294628143310547
-29.225887298583984
-29.27942657470703
-29.271764755249023
-29.30891227722168
-29.342668533325195
-29.290494918823242
-29.349353790283203
-29.282384872436523
-29.259328842163086
-29.236873626708984
-29.248750686645508
-29.321455001831055
-29.31638526916504
-29.247417449951172
-29.294876098632812
-29.301349639892578
-29.2932071685791
-29.290132522583008
-29.271339416503906
-29.282909393310547
-29.324243545532227
-29.293317794799805
-29.297834396362305
-29.255563735961914
-29.280384063720703
-29.222518920898438
-29.288976669311523
-29.284475326538086
-29.29167366027832
-29.23855209350586
-29.26987648010254
-29.28724479675293
-29.272262573242188
-29.308305740356445
-29.301992416381836
-29.30060386657715
-29.232311248779297
-29.26341438293457
-29.28888511657715
-29.270217895507812
-29.258258819580078
-29.312761306762695
-29.26606559753418
-29.294893264770508
-29.258649826049805
-29.292905807495117
-29.238460540771484
-29.239301681518555
-29.282485961914062
-29.253047943115234
-29.28110694885254
-29.253604888916016
-29.23942756652832
-29.301654815673828
-29.26951026916504
-29.286603927612305
-29.271610260009766
-29.303903579711914
-29.242938995361328
-29.250885009765625
-29.28243064880371
-29.251201629638672
-29.29269790649414
-29.30620574951172
-29.306930541992188
-29.246501922607422
-29.30032730102539
-29.266597747802734
-29.28783416748047
-29.257511138916016
-29.2967529296875
-29.24187660217285
-29.297225952148438
-29.294387817382812
-29.285083770751953
-29.2840576171875
-29.29961585998535
-29.249441146850586
-29.231412887573242
-29.25819969177246
-29.316600799560547
-29.279922485351562
-29.301136016845703
-29.22269630432129
-29.290130615234375
-29.284748077392578
-29.286865234375
-29.224607467651367
-29.22991371154785
-29.270160675048828
-29.30269432067871
-29.25684928894043
-29.278926849365234
-29.30251121520996
-29.270463943481445
-29.239585876464844
-29.233871459960938
-29.314435958862305
-29.1999568939209
-29.297483444213867
-29.241308212280273
-29.293052673339844
-29.266965866088867
-29.29275894165039
-29.290536880493164
-29.31167984008789
-29.229450225830078
-29.338768005371094
-29.2600154876709
-29.248615264892578
-29.263036727905273
-29.219141006469727
-29.22597885131836
-29.24925422668457
-29.303422927856445
-29.347517013549805
-29.346359252929688
-29.24357032775879
-29.312070846557617
-29.24520492553711
-29.271299362182617
-29.25212287902832
-29.26543426513672
-29.243406295776367
-29.307130813598633
-29.25100326538086
-29.216201782226562
-29.271617889404297
-29.311307907104492
-29.28573226928711
-29.31926918029785
-29.238920211791992
-29.305633544921875
-29.26120376586914
-29.272302627563477
-29.27437973022461
-29.29073143005371
-29.290611267089844
-29.306306838989258
-29.271291732788086
-29.21755599975586
-29.236122131347656
-29.27820587158203
-29.270477294921875
-29.23439598083496
-29.242938995361328
-29.261499404907227
-29.267316818237305
-29.232162475585938
-29.289579391479492
-29.31722068786621
-29.294322967529297
-29.271804809570312
-29.266725540161133
-29.268604278564453
-29.25789451599121
-29.218820571899414
-29.218942642211914
-29.291566848754883
-29.268173217773438
-29.264760971069336
-29.26041603088379
-29.248315811157227
-29.205690383911133
-29.27105140686035
-29.313919067382812
-29.271793365478516
-29.24049186706543
-29.282960891723633
-29.266998291015625
-29.319316864013672
-29.254587173461914
-29.26428985595703
-29.325721740722656
-29.193132400512695
-29.276012420654297
-29.309032440185547
-29.279756546020508
-29.311189651489258
-29.241107940673828
-29.266427993774414
-29.29356575012207
-29.276996612548828
-29.246065139770508
-29.327322006225586
-29.194250106811523
-29.269668579101562
-29.27630043029785
-29.281187057495117
-29.267427444458008
-29.29523468017578
-29.282529830932617
-29.29068374633789
-29.30104637145996
-29.324134826660156
-29.284954071044922
-29.295162200927734
-29.280284881591797
-29.270788192749023
-29.27652931213379
-29.260791778564453
-29.27967071533203
-29.279130935668945
-29.262765884399414
-29.23872947692871
-29.282323837280273
-29.299694061279297
-29.206911087036133
-29.269760131835938
-29.299793243408203
-29.284116744995117
-29.310501098632812
-29.3026123046875
-29.29542350769043
-29.29560661315918
-29.25583267211914
-29.281042098999023
-29.28106689453125
-29.3123722076416
-29.3456974029541
-29.256608963012695
-29.314512252807617
-29.291736602783203
-29.252676010131836
-29.31011390686035
-29.28699493408203
-29.33066177368164
-29.308462142944336
-29.277143478393555
-29.32765007019043
-29.279298782348633
-29.29572296142578
-29.284812927246094
-29.334522247314453
-29.260412216186523
-29.329004287719727
-29.298656463623047
-29.35660743713379
-29.27638816833496
-29.272872924804688
-29.265457153320312
-29.340620040893555
-29.21677017211914
-29.333633422851562
-29.269712448120117
-29.298229217529297
-29.286863327026367
-29.2949161529541
-29.311967849731445
-29.282962799072266
-29.291826248168945
-29.254234313964844
-29.321008682250977
-29.324867248535156
-29.356582641601562
-29.301692962646484
-29.281293869018555
-29.297809600830078
-29.263450622558594
-29.277996063232422
-29.327293395996094
-29.335330963134766
-29.310665130615234
-29.280397415161133
-29.32232666015625
-29.293445587158203
-29.238039016723633
-29.275049209594727
-29.288288116455078
-29.27834701538086
-29.293914794921875
-29.356822967529297
-29.298534393310547
-29.232894897460938
-29.269832611083984
-29.33526039123535
-29.242687225341797
-29.286447525024414
-29.256547927856445
-29.328062057495117
-29.221174240112305
-29.2694034576416
-29.243358612060547
-29.295364379882812
-29.316987991333008
-29.234119415283203
-29.224834442138672
-29.28316307067871
-29.302867889404297
-29.246530532836914
-29.286968231201172
-29.28730010986328
-29.28776741027832
-29.298715591430664
-29.293180465698242
-29.270368576049805
-29.292146682739258
-29.31241226196289
-29.257471084594727
-29.326480865478516
-29.303569793701172
-29.26064109802246
-29.31215476989746
-29.306045532226562
-29.311355590820312
-29.26692008972168
-29.271011352539062
-29.27135467529297
-29.269325256347656
-29.293241500854492
-29.2652530670166
-29.305938720703125
-29.266626358032227
-29.271697998046875
-29.286376953125
-29.30234718322754
-29.300172805786133
-29.31024169921875
-29.30570411682129
-29.29414176940918
-29.273448944091797
-29.30634307861328
-29.323532104492188
-29.32673454284668
-29.355167388916016
-29.24579429626465
-29.2762393951416
-29.237333297729492
-29.313596725463867
-29.287353515625
-29.26380729675293
-29.30328941345215
-29.288555145263672
-29.342910766601562
-29.29953384399414
-29.289867401123047
-29.307518005371094
-29.31044578552246
-29.266380310058594
-29.307815551757812
-29.270816802978516
-29.27735710144043
-29.30817222595215
-29.323381423950195
-29.26462173461914
-29.36669921875
-29.327774047851562
-29.27783203125
-29.359790802001953
-29.335647583007812
-29.29094696044922
-29.295488357543945
-29.28290367126465
-29.27507209777832
-29.35607147216797
-29.348430633544922
-29.330440521240234
-29.3065128326416
-29.291839599609375
-29.326576232910156
-29.2851505279541
-29.249164581298828
-29.308366775512695
-29.25228500366211
-29.346891403198242
-29.296571731567383
-29.265151977539062
-29.328617095947266
-29.287094116210938
-29.274133682250977
-29.344236373901367
-29.294109344482422
-29.24541473388672
-29.31294822692871
-29.338403701782227
-29.28270149230957
-29.3250732421875
-29.26035499572754
-29.32175064086914
-29.30907440185547
-29.351816177368164
-29.308507919311523
-29.348119735717773
-29.315349578857422
-29.28596305847168
-29.337230682373047
-29.289459228515625
-29.28738784790039
-29.329517364501953
-29.318370819091797
-29.29529571533203
-29.329519271850586
-29.294231414794922
-29.34174346923828
-29.31088638305664
-29.311870574951172
-29.303760528564453
-29.30834197998047
-29.32088279724121
-29.345571517944336
-29.288816452026367
-29.3061466217041
-29.303794860839844
-29.280046463012695
-29.343542098999023
-29.278390884399414
-29.26569366455078
-29.33455467224121
-29.302963256835938
-29.31377601623535
-29.34842872619629
-29.2554931640625
-29.346656799316406
-29.292293548583984
-29.291000366210938
-29.297279357910156
-29.29220962524414
-29.325298309326172
-29.336061477661133
-29.27484130859375
-29.321155548095703
-29.318735122680664
-29.3105411529541
-29.34165382385254
-29.274333953857422
-29.312070846557617
-29.304170608520508
-29.271011352539062
-29.318119049072266
-29.292461395263672
-29.29902458190918
-29.278303146362305
-29.377939224243164
-29.372297286987305
-29.35489845275879
-29.287921905517578
-29.259916305541992
-29.31533432006836
-29.298492431640625
-29.302331924438477
-29.344423294067383
-29.30098533630371
-29.27935028076172
-29.334869384765625
-29.321958541870117
-29.294631958007812
-29.285980224609375
-29.348224639892578
-29.354162216186523
-29.337074279785156
-29.323373794555664
-29.329801559448242
-29.309818267822266
-29.33159065246582
-29.39371109008789
-29.284074783325195
-29.303110122680664
-29.365760803222656
-29.357707977294922
-29.341550827026367
-29.30150032043457
-29.355751037597656
-29.312955856323242
-29.327482223510742
-29.30058479309082
-29.32569694519043
-29.316917419433594
-29.381366729736328
-29.283815383911133
-29.285839080810547
-29.29361915588379
-29.30784034729004
-29.307844161987305
-29.292030334472656
-29.305082321166992
-29.31488609313965
-29.365032196044922
-29.339380264282227
-29.28717803955078
-29.31716537475586
-29.278432846069336
-29.285751342773438
-29.28168487548828
-29.31426429748535
-29.32061767578125
-29.28363609313965
-29.322059631347656
-29.31626319885254
-29.28925323486328
-29.314350128173828
-29.26833152770996
-29.321733474731445
-29.360538482666016
-29.325326919555664
-29.262449264526367
-29.390581130981445
-29.34051513671875
-29.326168060302734
-29.3067569732666
-29.37275505065918
-29.323598861694336
-29.31993293762207
-29.341711044311523
-29.307292938232422
-29.37615203857422
-29.346363067626953
-29.26676368713379
-29.373987197875977
-29.273290634155273
-29.261016845703125
-29.23956871032715
-29.316848754882812
-29.315086364746094
-29.239856719970703
-29.334260940551758
-29.313804626464844
-29.324329376220703
-29.361188888549805
-29.38975715637207
-29.347970962524414
-29.30683708190918
-29.338300704956055
-29.325685501098633
-29.358943939208984
-29.307334899902344
-29.33112335205078
-29.358707427978516
-29.30784034729004
-29.347671508789062
-29.32506561279297
-29.276453018188477
-29.32844352722168
-29.282506942749023
-29.2968692779541
-29.297998428344727
-29.336877822875977
-29.27597999572754
-29.323070526123047
-29.28482437133789
-29.329811096191406
-29.354190826416016
-29.307998657226562
-29.301912307739258
-29.274250030517578
-29.304960250854492
-29.251874923706055
-29.39633560180664
-29.271392822265625
-29.287303924560547
-29.405916213989258
-29.34046745300293
-29.348175048828125
-29.275779724121094
-29.36343765258789
-29.33484649658203
-29.364349365234375
-29.334449768066406
-29.324596405029297
-29.344905853271484
-29.37152671813965
-29.393268585205078
-29.354488372802734
-29.281572341918945
-29.378334045410156
-29.31429672241211
-29.321258544921875
-29.284069061279297
-29.283748626708984
-29.36153793334961
-29.29327392578125
-29.344770431518555
-29.306833267211914
-29.318798065185547
-29.361736297607422
-29.281513214111328
-29.35121726989746
-29.285295486450195
-29.296064376831055
-29.325014114379883
-29.302412033081055
-29.307504653930664
-29.33135414123535
-29.354272842407227
-29.330232620239258
-29.30625343322754
-29.290531158447266
-29.339214324951172
-29.319759368896484
-29.29852294921875
-29.316022872924805
-29.286901473999023
-29.29397964477539
-29.356992721557617
-29.308271408081055
-29.28525161743164
-29.304777145385742
-29.32174301147461
-29.291105270385742
-29.338504791259766
-29.289583206176758
-29.369522094726562
-29.340057373046875
-29.369625091552734
-29.29808807373047
-29.339141845703125
-29.26944351196289
-29.291202545166016
-29.305471420288086
-29.358762741088867
-29.316823959350586
-29.34309959411621
-29.360498428344727
-29.34067153930664
-29.295364379882812
-29.31361198425293
-29.312965393066406
-29.2905330657959
-29.323575973510742
-29.29214096069336
-29.351335525512695
-29.288835525512695
-29.34090232849121
-29.40337371826172
-29.339801788330078
-29.299020767211914
-29.327880859375
-29.33143424987793
-29.341102600097656
-29.32167625427246
-29.3656063079834
-29.381269454956055
-29.331384658813477
-29.3748779296875
-29.346126556396484
-29.32187271118164
-29.2823543548584
-29.315210342407227
-29.369956970214844
-29.339385986328125
-29.42256736755371
-29.347209930419922
-29.30404281616211
-29.318748474121094
-29.386550903320312
-29.357519149780273
-29.29469108581543
-29.35700798034668
-29.309215545654297
-29.347286224365234
-29.37032699584961
-29.32262420654297
-29.376209259033203
-29.30105972290039
-29.306583404541016
-29.354862213134766
-29.33685302734375
-29.316062927246094
-29.341533660888672
-29.379281997680664
-29.35713768005371
-29.390974044799805
-29.348690032958984
-29.324617385864258
-29.409934997558594
-29.35106086730957
-29.356544494628906
-29.355146408081055
-29.375864028930664
-29.281641006469727
-29.320873260498047
-29.286197662353516
-29.31424903869629
-29.32146453857422
-29.330923080444336
-29.333402633666992
-29.343442916870117
-29.34415054321289
-29.314485549926758
-29.327646255493164
-29.353927612304688
-29.284069061279297
-29.334360122680664
-29.35917091369629
-29.335275650024414
-29.33333969116211
-29.299654006958008
-29.356910705566406
-29.374046325683594