-69.18955272436142
-56.50377128521601
-55.511927127838135
-57.03639050324758
-58.365619440873466
-59.417549868424736
-58.93392858902613
-57.809240420659386
-56.82611815134684
-60.5217402378718
-56.887535870075226
-60.434825579325356
-58.38735914230347
-57.90956407785416
-57.57247829437256
-57.97847718000412
-58.679206351439156
-57.91272304455439
-56.907708048820496
-58.00062231222788
-57.755065182844795
-57.5732254187266
-56.17068858941396
-54.852807700634
-55.633851071198784
-55.28926467895508
-54.29031491279602
-55.48726077874502
-55.97446781396866
-54.940457582473755
-55.7352108558019
-55.58304160833359
-51.474663297335304
-54.64484308163325
-54.09934635957082
-54.08157732089361
-53.02103634675344
-53.59726655483246
-51.852111419041954
-47.25304871797562
-46.967819879452385
-46.61976190408071
-47.794832368691765
-45.27429578701655
-45.04421586791674
-44.05655837059021
-43.82283532619476
-41.67961166302363
-46.31974600752195
-44.49022650718689
-39.337280720472336
-39.80941626429558
-39.922897020975746
-38.46941787004471
-33.43839144706726
-29.607986082633335
-30.521906346082687
-30.673860281705856
-34.11425942182541
-30.429366379976273
-29.83463458220164
-34.476783027251564
-33.318924923737846
-30.530026108026505
-28.541714166601498
-32.002895429730415
-26.289159789681435
-37.59961886703968
-26.520540321866672
-23.598897049824398
-26.407932087779045
-26.980826477209728
-24.43208881219228
-26.73337600628535
-23.11225639283657
-22.916057964166004
-21.00244702398777
-25.00020406146844
-24.14230787754059
-29.961187134186428
-20.283787210782368
-21.189136058092117
-21.403042172392208
-21.72717560827732
-21.350313425064087
-19.68225347995758
-19.63706849515438
-20.368100360035896
-19.353911663095158
-16.574950461586315
-18.81741422911485
-17.083535984158516
-21.274135425686836
-16.39738418161869
-17.871381297707558
-16.21391326189041
-17.107644379138947
-19.459596887230873
-15.89916461209456
-16.860019182165463
-17.025607908765476
-16.100965082645416
-17.234217802683514
-17.819485793511074
-13.444531497855982
-14.175372809171677
-17.147499091923237
-16.086168761054676
-14.064681395888329
-13.303597586850325
-12.590744212269783
-15.499492481350899
-12.187534841398397
-11.66446452587843
-12.05958542227745
-13.75177945693334
-14.216222246487936
-10.563784524798393
-12.252326493461927
-12.434799852470556