-27.411884307861328
-27.36964225769043
-27.287992477416992
-27.311656951904297
-27.243255615234375
-27.112253189086914
-27.06647300720215
-27.069292068481445
-26.975460052490234
-27.032489776611328
-26.961105346679688
-26.831735610961914
-26.760650634765625
-26.778757095336914
-26.705034255981445
-26.690261840820312
-26.625232696533203
-26.526206970214844
-26.508865356445312
-26.492944717407227
-26.509578704833984
-26.43737030029297
-26.303237915039062
-26.365806579589844
-26.1821231842041
-26.1490535736084
-26.189105987548828
-26.130115509033203
-26.058120727539062
-26.092477798461914
-26.04197883605957
-25.91840362548828
-25.949913024902344
-25.912078857421875
-25.77350616455078
-25.832599639892578
-25.723976135253906
-25.71000862121582
-25.682016372680664
-25.656997680664062
-25.617809295654297
-25.544330596923828
-25.512109756469727
-25.54155921936035
-25.51721954345703
-25.354074478149414
-25.38556671142578
-25.320837020874023
-25.274446487426758
-25.25168228149414
-29.18416976928711
-29.095212936401367
-28.696611404418945
-28.66025161743164
-28.30886459350586
-28.175884246826172
-27.99381446838379
-27.772842407226562
-27.621644973754883
-27.429405212402344
-27.283662796020508
-27.160770416259766
-27.081335067749023
-26.916749954223633
-26.787734985351562
-26.781139373779297
-26.69146728515625
-26.62333106994629
-26.489212036132812
-26.50205421447754
-26.4211368560791
-26.357728958129883
-26.326025009155273
-26.236793518066406
-26.252334594726562
-26.235410690307617
-26.117816925048828
-26.07540512084961
-25.979623794555664
-25.94618797302246
-26.02349090576172
-25.875150680541992
-25.913311004638672
-25.957304000854492
-25.95229721069336
-25.85957908630371
-25.83829116821289
-25.854785919189453
-25.76551055908203
-25.707712173461914
-25.744464874267578
-25.695343017578125
-25.6987361907959
-25.6638126373291
-25.681007385253906
-25.600650787353516
-25.5670108795166
-25.61774444580078
-25.51978302001953
-25.584009170532227
-25.547151565551758
-25.478113174438477
-25.49347686767578
-25.5103759765625
-25.522260665893555
-25.45343589782715
-25.441404342651367
-25.399534225463867
-25.441564559936523
-25.41686248779297
-25.457897186279297
-25.436777114868164
-25.377296447753906
-25.30453109741211
-25.39073371887207
-25.292694091796875
-25.25462532043457
-25.253978729248047
-25.25959587097168
-25.34694480895996
-25.23021697998047
-25.193544387817383
-25.229839324951172
-25.266725540161133
-25.30394744873047
-25.196699142456055
-25.168212890625
-25.12584686279297
-25.062711715698242
-25.16176414489746
-24.957387924194336
-25.104063034057617
-25.10300636291504
-25.025409698486328
-25.037334442138672
-25.068187713623047
-24.97245979309082
-25.06830596923828
-24.948936462402344
-24.96418571472168
-24.91876792907715
-24.928564071655273
-24.958206176757812
-24.880693435668945
-25.02767562866211
-24.91399383544922
-24.861797332763672
-24.788991928100586
-24.8989200592041
-24.822725296020508
-24.83855628967285
-24.911251068115234
-24.795581817626953
-24.796798706054688
-24.707008361816406
-24.7596492767334
-24.826416015625
-24.629108428955078
-24.753122329711914
-24.708988189697266
-24.777732849121094
-24.709138870239258
-24.69691276550293
-24.627573013305664
-24.630468368530273
-24.627527236938477
-24.6715030670166
-24.58477783203125
-24.59673500061035
-24.64958381652832
-24.52667999267578
-24.564041137695312
-24.615755081176758
-24.571104049682617
-24.548076629638672
-24.625749588012695
-24.630863189697266
-24.546964645385742
-24.613712310791016
-24.781503677368164
-24.793664932250977
-24.912609100341797
-24.965957641601562
-24.815109252929688
-24.817785263061523
-24.94678497314453
-24.818756103515625
-25.05661964416504
-25.167402267456055
-25.14546775817871
-25.20854949951172
-25.27309799194336
-25.337759017944336
-25.478839874267578
-25.341251373291016
-25.32648277282715
-25.52361297607422
-25.632652282714844
-25.63018798828125
-25.685792922973633
-25.762598037719727
-25.691513061523438
-25.754446029663086
-25.817129135131836
-25.868927001953125
-25.944761276245117
-25.90621566772461
-26.085298538208008
-25.989360809326172
-25.96331787109375
-26.057477951049805
-26.29210090637207
-26.173336029052734
-26.231618881225586
-26.202651977539062
-26.13267707824707
-26.307485580444336
-26.278549194335938
-26.243144989013672
-26.27220344543457
-26.6047306060791
-26.408052444458008
-26.34329605102539
-26.55706214904785
-26.694826126098633
-26.442516326904297
-26.526445388793945
-26.53492546081543
-26.506086349487305
-26.51167869567871
-26.553611755371094
-26.64155387878418
-26.670413970947266
-26.688812255859375
-26.672765731811523
-26.77652931213379
-26.85747528076172
-26.730884552001953
-26.795024871826172
-26.683515548706055
-26.80582618713379
-26.853759765625
-26.720781326293945
-26.912317276000977
-26.789852142333984
-26.767362594604492
-26.871946334838867
-26.84840202331543
-26.887447357177734
-26.92682456970215
-26.934913635253906
-26.851608276367188
-26.908397674560547
-26.965322494506836
-26.963552474975586
-26.96953773498535
-27.025516510009766
-26.796382904052734
-26.976730346679688
-26.867290496826172
-27.09707260131836
-26.961801528930664
-26.995574951171875
-26.940540313720703
-26.89439582824707
-26.96674156188965
-26.94525146484375
-27.0143985748291
-27.088115692138672
-26.952152252197266
-26.957284927368164
-27.08458137512207
-26.908279418945312
-27.060190200805664
-26.99936294555664
-26.9428768157959
-27.07789421081543
-27.135395050048828
-26.97698211669922
-27.045522689819336
-26.96792984008789
-27.020936965942383
-27.016891479492188
-26.88237762451172
-26.862930297851562
-27.018505096435547
-27.07491683959961
-26.948253631591797
-27.078927993774414
-27.12712860107422
-26.98570442199707
-26.986059188842773
-27.065135955810547
-26.896778106689453
-27.046846389770508
-27.10234832763672
-27.056682586669922
-27.173994064331055
-27.15258026123047
-27.156150817871094
-26.928340911865234
-26.99844741821289
-27.116413116455078
-26.949676513671875
-27.083953857421875
-26.97292709350586
-26.852506637573242
-26.952594757080078
-27.136028289794922
-27.0791015625
-27.082698822021484
-27.118711471557617
-26.92786979675293
-27.079879760742188
-26.943620681762695
-26.93522834777832
-27.031156539916992
-27.025774002075195
-27.080848693847656
-27.149288177490234
-27.01015281677246
-26.909557342529297
-26.89657974243164
-27.09299087524414
-26.993074417114258
-27.013233184814453
-26.910167694091797
-27.023300170898438
-27.025785446166992
-26.872350692749023
-27.033405303955078
-26.925827026367188
-26.86067771911621
-26.888553619384766
-26.94120216369629
-27.23284912109375
-28.239904403686523
-35.78260803222656
-42.77573013305664
-40.72678756713867
-38.87083435058594
-35.823055267333984
-34.83713150024414
-34.60513687133789
-39.771507263183594
-47.27975082397461
-52.98354721069336
-49.25674819946289
-45.3182487487793
-43.97210693359375
-42.93330383300781
-40.76347732543945
-39.91402053833008
-38.59413528442383
-37.867408752441406
-37.071189880371094
-36.393714904785156
-35.92354965209961
-35.5338020324707
-37.70317077636719
-42.651222229003906
-54.73102569580078
-50.64239501953125
-50.64603042602539
-47.70560836791992
-45.172264099121094
-44.06665802001953
-44.725502014160156
-42.646419525146484
-41.6646842956543
-40.94216537475586
-40.508480072021484
-49.576942443847656
-67.95503234863281
-68.66960144042969
-62.35591125488281
-59.350013732910156
-57.428279876708984
-54.20850372314453
-51.827884674072266
-50.775848388671875
-52.812191009521484
-55.679447174072266
-54.88264846801758
-54.553314208984375
-51.68257141113281
-50.11885452270508
-50.78861618041992
-50.384334564208984
-49.10697555541992
-48.603614807128906
-47.623870849609375
-47.0179328918457
-46.81589889526367
-46.04465103149414
-45.949920654296875
-45.6466178894043
-45.115966796875
-43.835514068603516
-43.772491455078125
-43.29164123535156
-43.32369613647461
-42.647369384765625
-41.881168365478516
-41.013084411621094
-40.80792999267578
-40.563575744628906
-40.24751281738281
-40.3410758972168
-40.70145034790039
-40.63304901123047
-40.70724868774414
-40.8242301940918
-40.903709411621094
-41.027793884277344
-41.02107620239258
-41.13995361328125
-41.086181640625
-40.72785949707031
-39.84967803955078
-40.03605651855469
-40.465633392333984
-40.05348205566406
-39.5683708190918
-38.93877029418945
-37.30776596069336
-37.188419342041016
-37.98024368286133
-37.91553497314453
-37.70438003540039
-37.769046783447266
-38.06299591064453
-38.15724563598633
-38.3112678527832
-38.07838439941406
-38.81398010253906
-38.592132568359375
-38.25529479980469
-38.44062042236328
-38.6122932434082
-38.78040313720703
-38.77890396118164
-39.521034240722656
-39.25212478637695
-40.228919982910156
-42.684513092041016
-42.569252014160156
-42.77134323120117
-43.25252151489258
-44.188079833984375
-43.79106521606445
-43.606781005859375
-43.99224090576172
-44.28596878051758
-44.0340461730957
-44.41816711425781
-44.71894836425781
-45.09006118774414
-44.709503173828125
-47.65751266479492
-46.96504592895508
-47.864341735839844
-49.179901123046875
-48.36996078491211
-49.06043243408203
-48.26795959472656
-48.418827056884766
-48.122093200683594
-47.7690544128418
-48.61455535888672
-48.2100830078125
-49.13449478149414
-48.53805160522461
-48.54389953613281
-48.638858795166016
-48.562225341796875
-49.226654052734375
-53.257389068603516
-52.1208610534668
-55.70439910888672
-56.01784896850586
-55.88698196411133
-55.0758056640625
-53.26633834838867
-52.63533401489258
-52.2147331237793
-51.931976318359375
-51.46802520751953
-51.683570861816406
-51.554893493652344
-51.569580078125
-51.000118255615234
-50.7144889831543
-50.773292541503906
-50.4786491394043
-51.143524169921875
-56.194244384765625
-53.965667724609375
-62.816322326660156
-60.270774841308594
-59.7995491027832
-58.1427001953125
-56.3810920715332
-55.330406188964844
-54.14320373535156
-53.0799446105957
-52.506099700927734
-52.95746994018555
-51.944637298583984
-51.25470733642578
-51.13144302368164
-50.784324645996094
-50.90652847290039
-50.225181579589844
-50.307762145996094
-49.87501525878906
-49.69874572753906
-52.00292205810547
-54.669891357421875
-53.63283920288086
-63.735111236572266
-59.737701416015625
-59.555091857910156
-57.888999938964844
-56.10234832763672
-54.45563888549805
-53.309207916259766
-52.55342483520508
-51.94846725463867
-50.803646087646484
-50.3438606262207
-49.94626235961914
-49.35731506347656
-48.81730270385742
-48.13751220703125
-47.96717834472656
-47.11573791503906
-46.84303283691406
-46.485267639160156
-46.685176849365234
-46.84906005859375
-46.71163558959961
-46.529422760009766
-46.67310333251953
-46.51930618286133
-46.810630798339844
-51.38437271118164
-51.96072006225586
-51.24787902832031
-63.083763122558594
-60.915653228759766
-59.75838851928711
-57.77321243286133
-54.37635040283203
-53.911720275878906
-50.97746658325195
-50.75685119628906
-49.607704162597656
-47.558773040771484
-47.76884078979492
-47.36441421508789
-46.976261138916016
-46.057743072509766
-45.698944091796875
-47.56313705444336
-47.51344299316406
-46.53378677368164
-46.66923522949219
-46.96391296386719
-46.0494499206543
-46.36607360839844
-45.90207290649414
-46.357452392578125
-46.0792350769043
-45.64828109741211
-46.152435302734375
-51.84306335449219
-51.213687896728516
-50.020408630371094
-57.342472076416016
-56.072383880615234
-55.88222885131836
-53.35567855834961
-51.42308807373047
-51.40925216674805
-51.04374313354492
-49.00538635253906
-48.3134765625
-46.79854202270508
-47.0803108215332
-46.29433059692383
-46.12903594970703
-46.270606994628906
-45.66577911376953
-44.51308059692383
-44.481781005859375
-44.1972541809082
-43.75121307373047
-43.50910186767578
-43.395267486572266
-43.63331604003906
-43.21792984008789
-43.193572998046875
-43.267906188964844
-43.338382720947266
-43.229042053222656
-43.44052505493164
-43.14873123168945
-43.23748016357422
-42.95071029663086
-42.226078033447266
-42.670963287353516
-42.505733489990234
-42.393917083740234
-42.42252731323242
-42.633262634277344
-42.58082580566406
-42.907554626464844
-43.252037048339844
-42.76753234863281
-45.87068176269531
-45.048946380615234
-44.74607467651367
-44.06327438354492
-43.55447769165039
-43.625244140625
-43.34211730957031
-42.51807403564453
-42.178035736083984
-41.702449798583984
-42.39810562133789
-41.66082000732422
-41.544776916503906
-41.639930725097656
-41.36921691894531
-41.975650787353516
-41.929054260253906
-41.2434196472168
-41.941524505615234
-41.7188835144043
-41.657814025878906
-41.82479476928711
-42.11005401611328
-42.47188949584961
-41.9524040222168
-42.29491424560547
-44.15963363647461
-45.59572982788086
-45.65205764770508
-49.931671142578125
-50.76481246948242
-50.841285705566406
-49.10543441772461
-48.42348098754883
-48.121299743652344
-47.08799362182617
-46.49998092651367
-46.223297119140625
-46.05046463012695
-45.240108489990234
-45.62690353393555
-45.03191375732422
-44.80044174194336
-44.97927474975586
-44.54336929321289
-44.593257904052734
-44.625953674316406
-44.75140380859375
-44.18506622314453
-44.66646957397461
-44.706268310546875
-44.754974365234375
-44.48861312866211
-44.3470458984375
-44.80289840698242
-44.290103912353516
-44.04573059082031
-54.546512603759766
-48.21465301513672
-47.9210319519043
-56.05124282836914
-56.529090881347656
-54.421180725097656
-52.97250747680664
-51.932491302490234
-52.973079681396484
-51.472896575927734
-50.9976692199707
-50.177650451660156
-49.0494499206543
-48.484283447265625
-48.10874557495117
-47.555931091308594
-46.754451751708984
-46.674068450927734
-46.26923370361328
-46.1126823425293
-45.850975036621094
-45.57918930053711
-45.48775863647461
-45.03710174560547
-45.05750274658203
-44.61445236206055
-44.369606018066406
-44.24333572387695
-44.033634185791016
-44.31882095336914
-44.52424240112305
-44.19145584106445
-43.83247375488281
-43.754024505615234
-43.658592224121094
-43.63145065307617
-43.18645477294922
-43.23485565185547
-42.946380615234375
-42.09288787841797
-42.37565612792969
-42.55729293823242
-43.866737365722656
-43.37428665161133
-43.931488037109375
-44.05887222290039
-44.24154281616211
-44.34843063354492
-44.04169464111328
-43.745540618896484
-43.873565673828125
-44.85548400878906
-48.84691619873047
-48.23353576660156
-47.55152893066406
-54.80610656738281
-57.088218688964844
-54.68548583984375
-54.048255920410156
-52.28321838378906
-51.13508224487305
-50.01396942138672
-48.741371154785156
-48.441917419433594
-48.164798736572266
-47.11384201049805
-46.703529357910156
-46.52648162841797
-46.160152435302734
-45.989994049072266
-45.53580856323242
-45.317142486572266
-45.08583450317383
-44.77479553222656
-44.7540168762207
-44.52320861816406
-44.51228713989258
-44.32857894897461
-44.45466232299805
-44.6185188293457
-44.66403579711914
-44.736846923828125
-46.765777587890625
-46.0852165222168
-45.2279167175293
-46.25294876098633
-47.19141387939453
-47.189090728759766
-46.65663146972656
-46.438323974609375
-45.53096389770508
-44.82325744628906
-44.369354248046875
-43.87728500366211
-46.94165802001953
-48.014259338378906
-47.735931396484375
-47.09282684326172
-49.11139678955078
-52.5822639465332
-51.906272888183594
-50.69435119628906
-49.50497817993164
-48.3203010559082
-47.69569778442383
-47.32148742675781
-46.86445999145508
-46.02320098876953
-45.73360061645508
-45.22101974487305
-45.92310333251953
-45.499473571777344
-45.26612854003906
-45.266517639160156
-46.08351135253906
-45.81110763549805
-45.55597686767578
-44.95509338378906
-44.328277587890625
-44.36252212524414
-43.715641021728516
-43.5841178894043
-43.062660217285156
-43.392189025878906
-43.13568115234375
-47.543121337890625
-46.50318145751953
-45.67461395263672
-49.304508209228516
-50.32490158081055
-50.68739700317383
-48.40581512451172
-47.75128936767578
-46.9451789855957
-47.16745376586914
-45.597564697265625
-45.098114013671875
-46.31214141845703
-44.27849578857422
-45.606502532958984
-44.56768035888672
-43.57928466796875
-44.22761917114258
-43.478492736816406
-43.31321334838867
-42.50771713256836
-41.8671875
-41.67314147949219
-41.68440628051758
-41.8629264831543
-42.02960968017578
-41.4317741394043
-41.76536560058594
-41.33988571166992
-41.023521423339844
-41.09444808959961
-40.424198150634766
-40.30531311035156
-39.89568328857422
-39.85865783691406
-40.239906311035156
-39.920867919921875
-39.80310821533203
-39.76026916503906
-39.31412887573242
-39.38526916503906
-39.545997619628906
-39.361820220947266
-39.6915397644043
-39.905235290527344
-45.61253356933594
-42.33047866821289
-42.67860412597656
-43.409873962402344
-49.08768844604492
-50.00658416748047
-48.57677459716797
-46.733673095703125
-46.1675910949707
-45.26076889038086
-44.74253463745117
-46.20849609375
-44.85113525390625
-44.55012130737305
-44.54344940185547
-44.28113555908203
-43.58143997192383
-43.557655334472656
-43.669044494628906
-43.309234619140625
-42.91167449951172
-42.52245330810547
-42.40952682495117
-42.20525360107422
-42.0753059387207
-41.831668853759766
-41.882347106933594
-41.76573944091797
-41.7288703918457
-41.95528793334961
-41.64862060546875
-41.707740783691406
-41.194976806640625
-41.14572525024414
-40.992977142333984
-40.77882766723633
-40.61123275756836
-40.54303741455078
-40.33134460449219
-39.904998779296875
-39.49439239501953
-39.68159484863281
-39.638572692871094
-39.67496109008789
-39.7103271484375
-39.78300476074219
-40.0197639465332
-40.19087600708008
-40.144901275634766
-40.270816802978516
-40.43629837036133
-40.48290252685547
-40.494972229003906
-40.45846176147461
-40.70456314086914
-40.915504455566406
-41.1400146484375
-40.78602981567383
-41.020626068115234
-41.15972137451172
-41.064613342285156
-41.27296829223633
-41.157718658447266
-42.869632720947266
-42.83198547363281
-43.65751647949219
-44.43781280517578
-45.77400588989258
-45.612056732177734
-45.79705047607422
-44.868045806884766
-44.81507110595703
-44.79813003540039
-44.61721420288086
-44.45831298828125
-44.5612678527832
-44.490543365478516
-44.522193908691406
-44.10824966430664
-44.13174819946289
-44.18349075317383
-44.3025016784668
-47.300907135009766
-47.21156311035156
-47.09907531738281
-47.37870788574219
-54.207496643066406
-56.185123443603516
-54.929115295410156
-53.13677978515625
-51.95008087158203
-51.25034713745117
-50.47669982910156
-50.13772964477539
-49.05226135253906
-48.07987976074219
-47.60921096801758
-47.155120849609375
-46.41716003417969
-46.11553955078125
-45.81759262084961
-45.42176818847656
-46.14036560058594
-45.986568450927734
-45.92228698730469
-45.31907272338867
-45.001319885253906
-45.071563720703125
-45.279396057128906
-45.0328254699707
-44.368560791015625
-44.58340072631836
-44.15623092651367
-44.26632308959961
-44.05739212036133
-43.32175064086914
-42.8992919921875
-42.864990234375
-42.93110275268555
-43.05063247680664
-42.6387939453125
-42.59142303466797
-42.18701171875
-42.249977111816406
-42.798606872558594
-43.661163330078125
-43.43772888183594
-44.117130279541016
-46.108028411865234
-48.31820297241211
-48.285797119140625
-47.053043365478516
-46.258121490478516
-45.54924392700195
-45.2338752746582
-44.92501449584961
-44.29705047607422
-44.61465835571289
-44.21087646484375
-43.66925811767578
-43.0965461730957
-43.31553268432617
-43.014427185058594
-42.47023391723633
-46.89710235595703
-46.96778106689453
-45.25278091430664
-45.206138610839844
-46.53669357299805
-51.54643249511719
-52.312679290771484
-51.16072082519531
-50.12361526489258