-0.7528198957443237
-0.817409873008728
-0.7450929880142212
-0.7836486101150513
-0.8051371574401855
-0.8090476989746094
-0.8293578624725342
-0.8163013458251953
-0.8182215094566345
-0.7868632078170776
-0.8206534385681152
-0.7295327186584473
-0.8445942401885986
-0.8420066833496094
-0.8034933805465698
-0.7838244438171387
-0.800457775592804
-0.7773126363754272
-0.7629870176315308
-0.7893744111061096
-0.7420195937156677
-0.7597419023513794
-0.7637146711349487
-0.6991640329360962
-0.7170709371566772
-0.7547085881233215
-0.7593473196029663
-0.6984803676605225
-0.7865989804267883
-0.7275128364562988
-0.8062102794647217
-0.7513183951377869
-0.7265672087669373
-0.7327760457992554
-0.7858248949050903
-0.7595043778419495
-0.7358096837997437
-0.8131006360054016
-0.7686318159103394
-0.7057579755783081
-0.8148394227027893
-0.7209580540657043
-0.7277405261993408
-0.8047780394554138
-0.762707531452179
-0.728019654750824
-0.8052259683609009
-0.7009003162384033
-0.7861125469207764
-0.7611905336380005
-3.784536838531494
-3.8053011894226074
-3.856846570968628
-3.6637420654296875
-3.5878543853759766
-3.7567484378814697
-3.388943672180176
-3.749521017074585
-3.4492812156677246
-3.445286750793457
-3.46500825881958
-3.2755801677703857
-3.3295247554779053
-3.522730827331543
-3.6457157135009766
-3.6232521533966064
-3.3827457427978516
-3.6282145977020264
-3.600666046142578
-3.3171005249023438
-3.465125799179077
-3.4272232055664062
-3.492302179336548
-3.3905420303344727
-3.4030232429504395
-3.544114828109741
-3.2883214950561523
-3.5967111587524414
-3.300436496734619
-3.660142183303833
-3.3759844303131104
-3.1672914028167725
-3.674222230911255
-3.3987441062927246
-3.4924211502075195
-3.2941508293151855
-3.420053243637085
-3.452244758605957
-3.4470458030700684
-3.3063480854034424
-3.122366428375244
-3.5822629928588867
-3.2908542156219482
-3.3757545948028564
-3.624263048171997
-3.266000509262085
-3.3890671730041504
-3.0989041328430176
-3.5659728050231934
-3.3792672157287598
-3.659273147583008
-3.519465208053589
-3.537155866622925
-3.3715693950653076
-3.3394596576690674
-3.2238564491271973
-3.349247932434082
-3.5010547637939453
-3.500351905822754
-3.4717321395874023
-3.431403160095215
-3.3775460720062256
-3.583759307861328
-3.250070095062256
-3.388906240463257
-3.0816683769226074
-3.3174781799316406
-3.1022346019744873
-3.313687324523926
-3.409818410873413
-3.1514084339141846
-3.2209105491638184
-3.443798780441284
-3.4516918659210205
-3.099782943725586
-3.483941078186035
-3.238959789276123
-3.1124322414398193
-3.4344372749328613
-3.3151214122772217
-3.598236560821533
-3.3757617473602295
-2.9659461975097656
-3.483433723449707
-3.5016865730285645
-3.18571138381958
-3.3381166458129883
-3.264389753341675
-3.6847922801971436
-3.2202610969543457
-3.2341694831848145
-3.5329842567443848
-3.4756252765655518
-3.347623586654663
-3.3822407722473145
-3.2667183876037598
-3.352720260620117
-3.420626640319824
-3.071065664291382
-3.3925600051879883
-3.2179887294769287
-3.359449625015259
-3.2145674228668213
-3.507338285446167
-3.2622241973876953
-3.413928508758545
-3.4943928718566895
-3.4628806114196777
-3.2771055698394775
-3.3109354972839355
-3.2344114780426025
-3.5200626850128174
-3.2573957443237305
-3.3250677585601807
-3.222097873687744
-3.1913437843322754
-3.273984909057617
-3.162397861480713
-3.5288939476013184
-3.2983031272888184
-3.372795581817627
-3.1258394718170166
-3.632235050201416
-3.4531712532043457
-3.30568265914917
-3.7508726119995117
-3.2529520988464355
-3.4925506114959717
-3.293497085571289
-3.3033690452575684
-3.2418742179870605
-3.1326489448547363
-3.405715227127075
-3.0893993377685547
-3.603135824203491
-3.248898506164551
-3.0716753005981445
-3.1472597122192383
-3.067451000213623
-3.105118989944458
-3.3251500129699707
-3.339323043823242
-3.4723763465881348
-3.4002559185028076
-3.3745133876800537
-3.4508790969848633
-3.212641954421997
-3.2115402221679688
-3.285156488418579
-3.2281606197357178
-3.1746633052825928
-3.7788188457489014
-3.1954290866851807
-3.223634719848633
-3.245142936706543
-3.167618989944458
-3.2524075508117676
-3.31150484085083
-3.5447402000427246
-3.2731528282165527
-3.2196953296661377
-3.3527259826660156
-3.23067045211792
-3.4002432823181152
-3.2479512691497803
-3.214536666870117
-3.6473233699798584
-3.453080654144287
-3.6288671493530273
-3.4373583793640137
-3.5114221572875977
-3.4706854820251465
-3.31937313079834
-3.3521194458007812
-3.293233633041382
-3.468430995941162
-3.4355974197387695
-3.4028947353363037
-3.232222080230713
-3.222144603729248
-3.4226560592651367
-3.4281535148620605
-3.3825793266296387
-3.277980327606201
-3.257432460784912
-3.5486857891082764
-3.4414784908294678
-3.4113495349884033
-3.476389169692993
-3.5807361602783203
-3.5069735050201416
-3.170267343521118
-3.647862434387207
-3.360166549682617
-3.3389861583709717
-3.4217348098754883
-3.418280601501465
-3.206954002380371
-3.3604178428649902
-3.418447494506836
-3.351412296295166
-3.2996251583099365
-3.5423715114593506
-3.568277597427368
-3.3377585411071777
-3.2673799991607666
-3.3558390140533447
-3.1821603775024414
-3.1035962104797363
-3.30131196975708
-3.4025063514709473
-3.5115838050842285
-3.3335328102111816
-3.438986301422119
-3.0618796348571777
-3.2846622467041016
-3.2894437313079834
-3.475891590118408
-3.147151231765747
-3.322958469390869
-3.2391843795776367
-3.2051877975463867
-3.3224401473999023
-3.434725284576416
-3.6212563514709473
-3.3522582054138184
-3.004516124725342
-3.0813965797424316
-3.6090564727783203
-3.146071195602417
-3.414452075958252
-3.1196839809417725
-3.1482303142547607
-3.316035270690918
-3.5844082832336426
-3.450737476348877
-3.358551263809204
-3.4237771034240723
-3.469611167907715
-3.43159818649292
-3.1868324279785156
-3.2210631370544434
-3.6713359355926514
-3.113637924194336
-3.267070770263672
-3.508066177368164
-3.391602039337158
-3.2639527320861816
-3.445605754852295
-3.0894954204559326
-3.3352103233337402
-3.163558006286621
-3.298513889312744
-3.5246057510375977
-3.4142661094665527
-3.373993396759033
-3.2209596633911133
-3.1803481578826904
-3.288066864013672
-3.323391914367676
-3.399494171142578
-3.5193469524383545
-3.198871612548828
-3.20530366897583
-3.326490879058838
-3.2179818153381348
-3.342090368270874
-3.634840965270996
-3.5114026069641113
-3.4571239948272705
-3.2204818725585938
-3.3841238021850586
-3.5432817935943604
-3.5191001892089844
-3.424441337585449
-3.2802140712738037
-3.4056334495544434
-3.5059192180633545
-3.4694671630859375
-3.319247245788574
-3.335010051727295
-3.4473111629486084
-3.6034772396087646
-3.345611572265625
-3.136147975921631
-3.0658607482910156
-3.565887451171875
-3.4584836959838867
-3.55009126663208
-3.394876003265381
-3.0962820053100586
-3.3702192306518555
-3.308643341064453
-3.337355613708496
-3.2336301803588867
-3.213818073272705
-3.2991318702697754
-3.1730294227600098
-2.9103424549102783
-3.699767589569092
-3.1911654472351074
-3.437990427017212
-3.398263454437256
-3.4423046112060547
-3.30722975730896
-3.3462018966674805
-3.564544439315796
-3.0962581634521484
-3.3003034591674805
-3.1623945236206055
-3.360896587371826
-3.3015077114105225
-3.29402494430542
-3.3289222717285156
-3.15134334564209
-3.401956558227539
-3.333517551422119
-3.679446220397949
-3.490924835205078
-3.428065776824951
-3.487678050994873
-3.6174941062927246
-3.375772714614868
-3.6377151012420654
-3.5565075874328613
-3.2209763526916504
-3.097226142883301
-3.5187885761260986
-3.4163684844970703
-3.4633731842041016
-3.3185644149780273
-3.3614249229431152
-3.542231559753418
-3.3488950729370117
-3.646495819091797
-3.5513014793395996
-3.2135744094848633
-3.5434775352478027
-3.2723913192749023
-3.4819135665893555
-3.4972405433654785
-3.2922024726867676
-3.4574637413024902
-3.4047305583953857
-3.3496744632720947
-3.0123770236968994
-3.3596277236938477
-3.1852643489837646
-3.3002712726593018
-3.308682441711426
-3.1026902198791504
-3.41078782081604
-2.857081890106201
-3.361959934234619
-3.3651769161224365
-3.389606475830078
-3.8261172771453857
-3.352248191833496
-3.3490095138549805
-3.4204137325286865
-3.138478994369507
-3.0910301208496094
-3.468674659729004
-3.365319013595581
-3.6718549728393555
-3.265923023223877
-3.1150856018066406
-3.382404327392578
-3.4192328453063965
-3.2547638416290283
-3.280055284500122
-3.4181933403015137
-3.4043471813201904
-3.2764668464660645
-3.348236083984375
-3.2909867763519287
-3.3288543224334717
-3.383035659790039
-3.358273506164551
-2.978954553604126
-3.34102463722229
-3.03439998626709
-3.2580058574676514
-3.3827836513519287
-3.012932538986206
-3.6350021362304688
-3.2295451164245605
-3.251478433609009
-3.1691906452178955
-3.6113996505737305
-3.512998580932617
-3.605581521987915
-3.418924331665039
-3.354336738586426
-3.407862663269043
-3.022368907928467
-3.447805881500244
-2.994894504547119
-3.5049703121185303
-3.3506994247436523
-3.4716458320617676
-3.186016798019409
-3.4244749546051025
-3.4748337268829346
-3.4504785537719727
-3.199246406555176
-3.030832290649414
-3.3517098426818848
-3.476949691772461
-3.3841207027435303
-3.4019930362701416
-3.163189172744751
-3.4960227012634277
-3.046895980834961
-3.393662929534912
-3.4109816551208496
-3.426572799682617
-3.100416898727417
-3.4808883666992188
-3.2927794456481934
-3.4278008937835693
-3.395615577697754
-3.2909021377563477
-3.1439268589019775
-3.562939167022705
-3.324305534362793
-3.2545218467712402
-3.271996021270752
-3.6289706230163574
-3.684577226638794
-3.5017144680023193
-3.509207248687744
-3.6964058876037598
-3.4537487030029297
-3.2608273029327393
-3.5115256309509277
-3.4258384704589844
-3.505457639694214
-3.204878330230713
-3.327241897583008
-3.241672992706299
-3.084947109222412
-3.5755162239074707
-3.1837007999420166
-3.240203857421875
-3.2994749546051025
-3.6237587928771973
-3.3251476287841797
-3.3377022743225098
-3.4373972415924072
-3.052952289581299
-3.324993371963501
-3.4055557250976562
-3.3254246711730957
-3.349661111831665
-3.1274945735931396
-3.4383115768432617
-3.204380989074707
-3.223177909851074
-3.407705307006836
-3.412114381790161
-3.2624006271362305
-3.2741169929504395
-3.5163636207580566
-3.158954620361328
-3.2677597999572754
-3.6237406730651855
-3.087454319000244
-3.2017126083374023
-3.1367220878601074
-3.473724603652954
-3.3678979873657227
-3.304943084716797
-3.3063085079193115
-3.5725362300872803
-3.509805679321289
-3.3717355728149414
-3.3286166191101074
-3.6662826538085938
-3.3724851608276367
-3.2390189170837402
-3.2621994018554688
-3.1920576095581055
-3.5093255043029785
-3.183199882507324
-3.458930730819702
-3.2601187229156494
-3.693824052810669
-3.2470719814300537
-3.3951945304870605
-3.304394483566284
-2.937070846557617
-3.3799242973327637
-3.3752031326293945
-3.186875343322754
-3.4968347549438477
-3.188883066177368
-3.449462413787842
-3.273926258087158
-3.6964125633239746
-3.604358196258545
-3.4977681636810303
-3.2109251022338867
-3.457446813583374
-3.3483352661132812
-3.2107675075531006
-3.6391491889953613
-3.4598851203918457
-3.4900267124176025
-3.1902661323547363
-3.2798962593078613
-3.6039645671844482
-3.2500739097595215
-3.618880033493042
-3.3961009979248047
-3.2722456455230713
-3.128124713897705
-3.436356544494629
-3.415419578552246
-3.4312100410461426
-3.126129388809204
-3.348052501678467
-3.3591668605804443
-3.0955657958984375
-3.3549318313598633
-3.158055305480957
-3.32822322845459
-3.3590550422668457
-3.4802446365356445
-3.5949039459228516
-3.322704315185547
-3.3999109268188477
-3.280923843383789
-3.379190683364868
-3.343303680419922
-3.3609163761138916
-3.252650022506714
-3.2119946479797363
-3.564882278442383
-3.2904067039489746
-3.2905681133270264
-3.5529685020446777
-3.2487633228302
-3.2998545169830322
-3.3765316009521484
-3.4735162258148193
-3.3976073265075684
-3.4945693016052246
-3.3565239906311035
-3.2085328102111816
-3.1830244064331055
-3.399806499481201
-3.253331422805786
-3.188768148422241
-3.2166197299957275
-3.37174129486084
-3.502018928527832
-3.482396125793457
-3.0886905193328857
-3.6757240295410156
-3.4045681953430176
-3.561474084854126
-3.3461620807647705
-3.2550132274627686
-3.4652013778686523
-3.564385175704956
-3.390927314758301
-3.5499091148376465
-3.341285228729248
-3.3842577934265137
-3.4671666622161865
-3.3238494396209717
-3.3966965675354004
-3.330665111541748
-3.4243392944335938
-3.285290002822876
-2.942225933074951
-3.505168914794922
-3.310176134109497
-3.4940297603607178
-3.603259563446045
-3.3183774948120117
-3.444155216217041
-3.2969956398010254
-3.0042483806610107
-3.1623334884643555
-3.4023759365081787
-3.400456190109253
-3.318783760070801
-3.584601402282715
-3.3520028591156006
-3.247127056121826
-3.1649117469787598
-3.1463005542755127
-3.4937098026275635
-3.266505241394043
-3.3948538303375244
-3.3899264335632324
-3.528400421142578
-3.264030933380127
-3.2495076656341553
-3.4382972717285156
-3.368560791015625
-3.465864419937134
-3.447115182876587
-3.215419292449951
-3.3274588584899902
-3.2756433486938477
-3.5211076736450195
-3.4790680408477783
-3.228290319442749
-3.2262208461761475
-3.5237081050872803
-3.2090282440185547
-3.2432665824890137
-3.35721492767334
-3.1733460426330566
-3.2745561599731445
-3.705352783203125
-3.3951587677001953
-3.213733196258545
-2.8844070434570312
-3.5017008781433105
-3.4682364463806152
-3.349672794342041
-3.4386138916015625
-3.436685085296631
-3.4584603309631348
-3.2233376502990723
-3.5701568126678467
-3.125685453414917
-3.3932807445526123
-3.4377079010009766
-3.5743062496185303
-3.4427285194396973
-3.4335668087005615
-3.396885395050049
-3.251657724380493
-3.3077216148376465
-3.136157274246216
-3.521190643310547
-3.084897518157959
-3.4893791675567627
-3.4167704582214355
-3.3460326194763184
-3.415579080581665
-3.312640428543091
-3.3060383796691895
-3.2688159942626953
-3.53216552734375
-3.3062405586242676
-3.2413816452026367
-3.43687105178833
-3.515646457672119
-3.4148902893066406
-3.300135374069214
-3.4677963256835938
-3.3726553916931152
-3.0842509269714355
-3.2746634483337402
-3.350339412689209
-3.2666702270507812
-3.3135106563568115
-3.299838066101074
-3.5407519340515137
-3.3686954975128174
-3.3438897132873535
-3.377387523651123
-3.2591805458068848
-3.4975833892822266
-3.507205009460449
-3.290950059890747
-3.4768223762512207
-3.3396217823028564
-3.387817144393921
-3.4924674034118652
-3.0661520957946777
-3.121373414993286
-3.5851452350616455
-3.718209743499756
-3.277743339538574
-3.4073729515075684
-3.1926302909851074
-3.168797016143799
-3.530323028564453
-3.4288294315338135
-3.344367504119873
-3.223100185394287
-3.608058452606201
-3.4371509552001953
-3.267446756362915
-3.2871785163879395
-3.1655161380767822
-3.417217254638672
-3.096276044845581
-3.06428599357605
-3.3328049182891846
-3.205876111984253
-3.242323875427246
-3.1471304893493652
-3.266632556915283
-3.047037124633789
-3.0269763469696045
-3.3543765544891357
-3.331444501876831
-3.0669963359832764
-3.174431562423706
-3.2662193775177
-3.2871763706207275
-3.4456543922424316
-3.524289608001709
-3.130697250366211
-3.5820963382720947
-3.1312365531921387
-3.5266318321228027
-3.5426106452941895
-3.2455925941467285
-3.274000406265259
-3.3924741744995117
-3.362049102783203
-3.205341339111328
-3.2642292976379395
-3.2625784873962402
-3.227487564086914
-3.4271583557128906
-3.348719835281372
-3.611708641052246
-3.3580384254455566
-3.1328725814819336
-3.4123117923736572
-3.471924304962158
-3.407700538635254
-3.439520835876465
-3.2085862159729004
-3.331791400909424
-3.63869047164917
-3.6481869220733643
-3.3760576248168945
-3.612999677658081
-3.5684919357299805
-3.1800689697265625
-3.253552198410034
-3.4383645057678223
-3.2575550079345703
-3.0475361347198486
-3.2941250801086426
-3.328784465789795
-3.378264904022217
-3.2522025108337402
-3.2081751823425293
-3.5614964962005615
-3.231463670730591
-3.409263849258423
-3.3302013874053955
-3.1764330863952637
-3.1909332275390625
-3.2981059551239014
-3.1848697662353516
-3.108649969100952
-3.431156635284424
-3.232285261154175
-3.118229866027832
-3.636591911315918
-3.2806386947631836
-3.3243212699890137
-3.460597038269043
-3.4505534172058105
-3.19442081451416
-3.204901933670044
-3.3214573860168457
-3.355126142501831
-3.2869527339935303
-3.584739923477173
-3.3626630306243896
-3.1066222190856934
-3.488163471221924
-3.2617249488830566
-3.3884801864624023
-3.6815929412841797
-2.9999122619628906
-3.397728681564331
-3.368185043334961
-3.2730703353881836
-3.395331382751465
-3.2209067344665527
-3.3864283561706543
-3.6051158905029297
-3.5456559658050537
-3.2199013233184814
-3.2985129356384277
-3.319559097290039
-3.2250783443450928
-3.2871146202087402
-3.585124969482422
-3.1928374767303467
-3.483579635620117
-3.3831653594970703
-3.1731083393096924
-3.3570895195007324
-3.3004651069641113
-3.2974166870117188
-3.3032584190368652
-3.370389699935913
-3.2772202491760254
-3.1498324871063232
-3.6891822814941406
-3.254286289215088
-3.203165292739868
-3.0833466053009033
-3.5370864868164062
-3.0685372352600098
-3.3052494525909424
-3.4003090858459473
-3.253605365753174
-3.170778274536133
-3.4677460193634033
-3.477377414703369
-3.365013599395752
-3.422168731689453
-3.413111686706543
-3.4674179553985596
-3.4513132572174072
-3.5423290729522705
-3.0862717628479004
-3.2233448028564453
-3.3236770629882812
-3.233881711959839
-3.2860279083251953
-3.427931070327759
-3.258657693862915
-3.259152412414551
-3.321662425994873
-2.883592128753662
-3.3168869018554688
-3.422433614730835
-3.107726573944092
-3.2863521575927734
-3.4271388053894043
-3.6658871173858643
-3.5502209663391113
-3.0193467140197754
-3.482034206390381
-3.0527968406677246
-3.3336634635925293
-3.669581413269043
-3.4679744243621826
-3.3672285079956055
-3.4223885536193848
-3.1229326725006104
-3.320004463195801
-3.1486153602600098
-3.1675543785095215
-3.3499975204467773
-3.3027384281158447
-3.133053779602051
-3.3334157466888428
-3.3692641258239746
-3.1397511959075928
-3.070462226867676
-3.1553468704223633
-2.970644235610962
-3.377086877822876
-3.659961462020874
-3.4352152347564697
-3.6639480590820312
-3.3069307804107666
-3.1428401470184326
-3.317753791809082
-3.1914472579956055
-3.5091452598571777
-3.32084584236145
-3.125274181365967
-3.294891357421875
-3.296928644180298
-3.409949779510498
-3.2631921768188477
-3.504812717437744
-3.403587818145752
-3.3484625816345215
-3.5228512287139893
-3.237332820892334
-3.314493179321289
-2.925093173980713
-3.255683422088623
-3.2372896671295166
-3.32114315032959
-3.3359241485595703
-3.232058048248291
-3.3474273681640625
-3.3363544940948486
-3.214437246322632
-3.233602285385132
-3.203537940979004
-3.3733997344970703
-3.383390426635742
-3.2101237773895264
-3.5902609825134277
-3.4299168586730957
-3.4331798553466797
-3.2751970291137695
-3.2787842750549316
-3.216419219970703
-3.410449743270874
-3.325199604034424
-3.3195629119873047
-3.3124895095825195
-3.2121710777282715
-3.237764835357666
-3.1985578536987305
-3.373556613922119
-3.733917236328125
-3.472416877746582
-3.359714984893799
-3.238225221633911
-3.3300514221191406
-3.2943882942199707
-3.280381679534912
-3.1443567276000977
-3.348074436187744
-3.4295461177825928
-3.4587302207946777
-3.6195178031921387
-3.4013864994049072
-3.5569260120391846
-3.1726608276367188
-3.230695962905884
-3.239074945449829
-3.4424357414245605
-3.0857646465301514
-3.4786410331726074
-3.33335018157959
-3.5050506591796875
-3.0923423767089844
-3.273953437805176
-3.328767776489258
-3.262458086013794
-3.3875718116760254
-3.418304443359375
-3.11865234375
-3.257439613342285
-3.4050300121307373
-3.210608959197998
-3.322125196456909
-3.218877077102661
-3.4046242237091064
-3.359011173248291
-3.4982409477233887
-3.641232967376709
-3.6355345249176025
-3.4455223083496094